0.15,-16.28,1.86,0.94
6.03,-11.39,1.21,0.94
0.02,-27.77,1,0.91
0.3,-32.71,0.45,0.82
0.35,-23.27,0.73,0.78
0.37,-15.22,2.53,0.71
7.26,-8.06,2.75,0.72
0.49,-20.88,1.48,0.73
0.06,-20.32,2.19,0.69
1.13,-16.81,1.56,0.66
0.46,-24.77,0.85,0.66
0.02,-24.62,1.35,0.71
0.04,-22.17,1.68,0.67
0,-19.54,2.95,0.6
0,-15.17,2.75,0.59
0.57,-12.76,4.02,0.58
0.95,-13.68,1.51,0.59
0.69,-16.54,1.91,0.6
0.76,-6.87,4.01,0.58
0.41,-13.28,3.62,0.57
0,-16.12,3.64,0.55
1.19,-9.33,2.95,0.54
0.49,-8.59,2.94,0.54
0.32,-11.25,2.94,0.53
0.02,-12.55,2.78,0.53
0.02,-3.07,3.7,0.52
0.86,-1.17,5.23,0.53
0.47,-9.89,3.47,0.52
0.29,-16.02,2.39,0.47
0.29,-17.78,1.67,0.5
0.01,-15.99,3.51,0.46
2.06,-7.03,10.41,0.45
40.99,2.94,1.64,1.62
0.12,-12.81,6.89,6.47
0.36,-17.62,3.11,2.16
0.37,-18.6,2.8,1.51
0.85,-13.69,3.24,1.19
0.07,-10.27,4.94,1.02
9.57,-3.87,1.36,0.92
9.32,-7.89,5.95,0.86
0.21,-9.93,6.08,0.81
32.43,4.5,1.8,7.55
6.12,-11.93,6.89,24.81
0,-16.77,6.32,9.71
0.35,-10.58,5.33,4.32
0,-9.06,7,2.16
0.02,-2.38,9.8,1.62
0.84,3.09,6.33,1.19
0.06,2.95,3.58,1.62
0.06,4.01,3.71,4.32
13.38,3.96,0.35,10.79
15.24,4.48,0.2,29.13
0.06,2.68,4.45,21.58
0.2,2.1,13.41,15.1
21.95,1.22,0.74,19.42
12.75,-0.24,4,23.73
10.69,-1.06,2.63,10.79
1.48,-3.27,6.93,6.47
2.2,-4.05,7.79,3.78
1.59,-1.95,6.75,2.27
0.77,-4.27,6.5,2.05
0.34,-9.81,7.7,1.94
0,-11.35,7.89,1.82
0,-8.84,11.57,1.86
5.08,-3.74,3.44,1.91
2.92,-0.94,5.34,1.89
0.02,-2.4,11.66,1.7
0.73,-3.77,6.29,1.59
1.23,-4.81,8.4,1.52
1.11,-5.35,8.39,1.47
0.34,-7.15,7.7,1.41
1.36,-2.52,12.54,1.37
0.43,-9.13,9.6,1.28
0.2,-6.13,10.51,1.19
1.3,-5.22,8.95,1.28
0.01,-10.81,12.94,1.11
1.34,-11.1,10.81,1.08
0.14,-9.19,7.47,1.12
2.9,-6.43,7.6,1.11
2.74,-2.98,10.63,1.07
0,-3.33,15.9,1.04
0,-2.04,16.6,1.02
3.41,-0.76,9.18,1.07
0.48,-1.92,10.43,1.06
0,-0.11,17.57,1.08
11.5,-1.17,3.83,1.19
0,-1.03,19.98,1.14
0.02,6.65,23.35,2.44
8.05,8.52,11.52,9.76
7.41,3.99,1.92,13.7
2.24,3.44,10.61,6.82
13.02,2.85,12.84,10.28
0.11,7.39,26.92,6.2
2.28,10.85,9.85,8.92
11.06,9.87,0.97,14.89
0.84,0.8,16.86,11.65
0,1.83,30.45,5.48
0,8.2,29.04,4.16
8.36,10.17,17.73,4.63
0.02,5.81,34.6,6.54
2.89,6.21,5.04,5.99
0,2.1,27.78,6.39
0,1.96,23.34,3.95
14.28,1.25,7.59,3.55
0.03,-4.79,30.32,3.95
0.82,-1.51,14.77,2.86
3.29,4.62,7.59,2.7
12.26,6.08,4.51,4.07
0.04,1.85,29.16,4.77
3.76,0.26,11.25,3.29
0.16,-4.53,28.29,2.8
0,-2.45,29.15,2.44
3.05,3.75,21.8,2.38
10.49,3.53,2.01,4.2
5,2.24,5.42,5.38
0.14,4.51,21.92,4.26
0,5.81,23.91,3.44
0.02,8.02,20.68,3.05
11.32,8.53,3.83,3.47
0.81,7.24,20.52,3.88
9.64,6.95,11.15,3.1
6.47,5.82,10.2,3.13
0,8.03,22.62,2.91
0.02,9.43,23.26,2.79
0.04,12.43,18.79,3.16
4.8,10.14,12.59,3.4
0.09,3.2,28.71,3
0,8.34,26.99,2.43
0,8.47,30.02,2.21
0,10.79,26.28,2.09
4.12,11.02,3.15,2.38
8.85,10.44,2.85,4.41
8.21,7.42,11.62,7.51
0,9.41,27.86,4.33
0.47,13.53,20.15,3.2
21.71,12.12,2.69,13.7
5.42,4.45,24.31,17.69
0.52,1.68,25.87,7.24
0,5.76,28.05,4.88
0,8.87,29.84,3.77
0.45,12.11,26.19,3.15
5.47,9.91,14.47,2.82
0,10.6,31.86,2.61
0,12.95,35.6,2.33
0.34,18.07,28.23,2.11
2.49,17.27,18.52,2.01
3.93,18.21,22.02,1.89
0,18.26,24.36,1.77
4.44,14.49,3.43,1.66
3.79,16.9,11.45,1.68
17.32,12.59,10.45,3.4
0,10.81,30.08,2.88
0.07,13.15,22.34,2.02
0.07,13.89,17.58,1.73
11.97,15.72,5.15,1.63
0.27,17.97,22.27,1.96
6.36,16.64,15.28,1.79
2.97,11.69,21.72,2.66
0.32,12.5,26.63,2.09
18.4,13.64,12.66,4.57
0.22,12.61,29.91,5.42
8.03,12.54,12.09,3.23
4.22,13.75,19.53,2.5
2.54,14.37,17.88,2.86
0.03,16.48,21.8,2.29
1.04,17.67,9.62,1.97
5.4,21.83,11.83,1.84
2.87,18.31,19.42,1.78
0,17.35,27.42,1.55
0,18.94,26.08,1.36
22.42,16.94,5.53,1.31
4.14,16.58,11.98,1.87
18.49,15.55,2.75,1.68
2.62,13.45,24.82,1.81
0,13.88,23.26,1.39
13.76,16.27,6.75,1.22
6.13,12.89,11.82,1.29
0.46,13.36,23.14,1.31
0.04,16.51,26.33,1.12
0,17.81,28.88,0.98
0,17.66,27.34,0.9
0.05,18.82,18.39,0.83
0.5,19.53,19.09,0.79
1.06,18.88,13.65,0.74
8.33,19.09,9.71,0.72
19.24,16.82,1.13,1.05
5.49,19.46,13.68,5.15
0.02,19.89,25.32,2.63
0.41,22.39,30.83,1.52
4.13,22.93,20.38,1.21
0.26,19.49,29.71,1.19
0.13,19.07,32.19,0.98
3.97,18.26,23.89,0.88
16.98,17.53,8.86,1.01
7.61,15.27,9.38,1.52
0.36,15.35,25.89,1.5
0,16.13,26.68,1.08
0.11,17.68,20.3,0.9
6.53,17.46,16.36,0.83
0.68,17.72,15.95,0.86
28.4,17.57,7.12,0.82
30.22,18.97,6.2,1.52
0.2,15.08,20.88,1.47
0,13.17,23.24,1.15
0,14.71,23.19,0.93
0.3,15.85,17.17,0.82
1.2,17.39,15.55,0.76
14.46,15.85,24.58,1.5
4.87,14.58,20.04,1.18
27.91,11.92,2.47,1.7
1.52,13.55,12.3,2.62
0,17.3,22.36,1.81
0,18.81,22.18,1.27
0,19.07,21.06,1.06
0.38,19.2,13.71,0.95
2.46,19.4,14.81,1.07
15.93,17.52,3.45,1.22
4.44,15.25,6.08,3.78
0.75,13.47,7.62,3.62
0.58,15.03,10.05,2.41
7.67,16.68,3.7,1.9
2.17,18.79,11.75,2.71
3.33,19.65,16.9,2.07
3.6,18.13,14.3,2.15
2.43,15.63,8.93,1.67
0,13.81,21.91,1.49
27.08,14.88,5.02,1.34
24.99,16.09,3.81,10.9
12.73,10.39,3.96,11.11
0,12.67,21.52,7.1
0.18,14.51,17.17,3.85
0.39,14.82,14.44,2.86
0,16.01,17.05,2.35
0.18,17.79,14.06,2
0.43,17.28,17.24,1.78
19.11,15.27,8.54,1.62
0.72,12.73,11.65,1.77
0.01,13.37,18.15,1.45
1.79,13.59,8.67,1.29
0,14.01,15.63,1.23
0.05,15.6,15.6,1.1
1.37,16.28,15.42,1.02
0.41,15.16,7.84,0.97
0.29,14.73,7.3,0.95
0.36,15.47,12.72,0.9
0,13.9,6.66,0.83
0,15.09,16.24,0.79
0,15.52,17,0.74
0,14.58,15.28,0.7
0,14.99,19.1,0.67
5.03,15.42,8.45,0.68
22.53,10.74,17.59,2.32
3.43,9.92,17.13,1.45
0.92,12.31,7.55,1.34
3.85,13.13,5.23,1.14
0,14.68,18.19,1
1.06,16.01,13.22,0.91
0.45,14.25,11.13,1.72
0.31,12.1,10.97,1.11
2.51,11.02,8.76,0.95
2.07,11.99,9.55,0.93
6.91,10.46,4.68,0.94
2.28,8.5,12.25,1.38
0.35,7.15,13.83,1.47
32.42,6.36,0.92,5.35
34.31,7.35,1.04,8.63
10.73,7.63,1.84,8.27
0,9.05,14.5,7.79
0.35,10.31,16.13,4.06
6.49,14.4,9.6,3.05
4.88,8.38,9.56,8.75
2.6,2.2,17.62,4.78
0.15,1.4,19.11,3.33
1.59,3.35,8.92,2.71
3.62,6.74,5.63,2.49
13.51,5.38,4.16,2.62
2.29,4.04,10.87,2.36
0,6.09,12.61,2.17
8.2,6.51,9.62,1.94
6.4,5.79,4.86,1.96
3.83,3.29,7.07,2.1
1.33,3.02,11,2.57
0.17,2.17,11.45,2.05
0,1.05,12.84,1.78
0,2.29,11.5,1.62
0,3.8,12.52,1.54
0,4.9,13.94,1.47
0,5.96,12.01,1.4
0.77,5.52,2.81,1.37
0.01,3.52,11.74,1.35
12.31,3.79,4.57,1.32
8.38,3.64,8.42,5.08
0.18,1.73,13.09,2.9
0.03,6.39,9.27,2.19
0.94,7.62,7.78,1.94
33.59,8.76,0.94,2.24
10.6,-0.33,10.6,10.56
0.01,-1.6,6.51,4.58
7.36,2.11,0.35,4.51
17.81,7.66,-0.12,16.18
25.85,6.36,1.85,15.1
0,1.53,10.77,9.37
0,0.59,10.1,5.67
0,0.78,10.04,4.37
0.01,2.62,2.02,3.69
0.05,6.31,11.56,3.25
0,1.29,18.68,2.9
0,2.05,11.66,2.6
0,2.52,9.54,2.34
7.55,3.92,0.02,2.39
5.26,1.24,3.74,2.82
0.07,-0.21,11.03,2.36
0.54,-0.27,5.38,2.1
0,-3.52,11.29,1.92
3.11,-0.45,1.85,1.81
0.32,-4.57,10.14,1.74
0,-2.09,10.67,1.53
0,1.1,7.85,1.53
3.72,2.7,1.45,1.51
3.31,4.33,0.8,1.56
28.25,4.15,0.26,2.34
5.59,1.61,0.69,2.65
1.06,-0.08,4.43,2.52
9.54,-0.89,1.3,2.1
15.33,-0.48,1.4,2.82
1.96,-3.49,4.83,2.55
0.72,-6.61,3.49,2.01
0.2,-8.7,2.86,1.76
0.08,-8.64,2.6,1.6
0.06,-6.62,3.01,1.49
5.76,-2.07,1.02,1.49
2.87,-3.63,4.52,1.49
1.82,-6.58,5.15,1.4
0.49,-8.96,3.06,1.29
2.83,-8.3,3.61,1.25
10.08,0.79,0.88,1.4
3.75,-0.1,0.87,1.38
0.5,-2.97,2.66,1.38
2.19,-5.16,3.55,1.26
40.4,-5.83,2.77,0.84
1.48,-7.01,1.77,1.29
1.86,-6,2.26,1.46
4.5,-7.4,2.09,1.28
1.46,-7.57,1.77,1.22
2.27,-6.14,2.8,1.22
0.56,-6.42,1.84,1.19
0.05,-9.94,1.84,1.13
0.78,-7.33,1.62,1.12
4.61,-3.72,1.1,1.15
22.54,-4.08,3.78,1.13
0.74,-9.16,2.46,1.08
4.64,-9.81,1.2,1.06
3.44,-12.67,1.99,1.04
0.77,-15.48,1.4,0.93
0,-14.87,1.51,1.08
2.66,-8.01,0.78,0.97
11.72,-5.5,0.85,0.95
0.27,-3.99,2.92,1.06
0.42,-7.03,2.61,1.01
0.33,-8.25,1.43,0.95
4.56,-8.5,1.15,0.93
2.56,-6.1,1.39,0.93
6.66,-5.56,2.35,0.88
0.27,-10.97,2.35,0.82
0.02,-9.58,2.49,0.84
18.6,-4.58,0.57,0.88
0.97,-11.85,2.79,0.84
0,-13.68,1.82,0.78
26.63,-3.64,1.08,0.97
2.09,-6.41,6.18,2.7
2.27,-11.09,1.63,2.43
1.47,-6.86,2.04,1.83
0.46,-18.22,1.73,1.13
0.68,-16.98,1.82,1.06
0.32,-23.1,1.2,1.02
0.7,-23.35,1.16,0.99
0.15,-24.73,1.07,0.95
1.4,-19.83,2.22,0.92
2.82,-13.33,0.46,0.86
1.39,-13.81,2.02,0.84
2.93,-14.01,1.51,0.82
0.82,-23.69,2.51,0.81
0.05,-25.64,1.09,0.8
0.04,-22.47,1.85,0.79
1.19,-15.08,2.31,0.78
0.06,-22.16,1.54,0.77
0.01,-25.19,1.31,0.71
17.43,-18.22,0.02,0.76
1.69,-11.96,3.86,0.71
0.42,-20.45,2.25,0.69
0.02,-24.08,1.17,0.65
0,-22.74,1.8,0.65
0.71,-13.65,2.09,0.67
0.66,-11.24,5.08,0.67
4.87,-11.61,0.94,0.65
6.72,-6.66,3.93,0.63
13.52,-6.87,4.7,0.65
0.09,-10.26,5.18,0.69
25.59,-2.53,0.17,0.73
1.56,-2.61,4.83,2.86
1.54,-10.55,3.4,3.78
4.13,-8.94,4.25,2.05
0.36,-13.13,4.81,1.46
0.73,-9.31,6.68,1.24
6.08,-9.25,0.81,1.08
1.25,-11.9,4.7,1
0.08,-15.52,3.23,0.93
0.35,-14.16,2.67,0.91
2.44,-11.1,1.78,0.86
0.19,-13.34,3.98,0.84
0.01,-8.6,2.46,0.81
0.23,-4.11,7.06,0.8
0.01,-11.61,5.58,0.78
0,-11.97,6.69,0.78
3.06,-9.15,1.57,0.8
1.17,-4.41,5.49,0.8
0.91,-3.07,6.65,0.77
2.51,-5.7,5.35,0.76
0.58,-5.87,5.4,0.73
0.3,-11.72,6.33,0.72
0.28,-18.01,4.69,0.71
0.16,-17.8,4.72,0.71
0.88,-13.88,4.87,0.73
0.02,-15.94,4.85,0.73
0.95,-15.43,4.85,0.72
2.68,-8.86,6.81,0.71
0.25,-14.73,4.9,0.71
3.83,-12.49,7.3,0.7
4.11,-3.96,6.09,0.7
0.41,-5.15,8.76,0.71
18.94,-1.89,1.01,0.71
3.56,-7.68,8.48,0.73
2.59,-11.9,3.2,0.73
0.11,-8.17,7.73,0.71
2.18,-0.98,4.4,0.7
1.8,3.71,5.7,0.92
4.27,1.97,2.67,1.19
2.68,-2.34,15.18,1.62
0.04,-6.69,13.01,1.19
0,-4.86,12.59,1.08
0.4,-1.29,9.7,0.92
0.16,-0.87,13.5,0.88
2.11,-0.46,8.57,0.95
0.03,-1.33,11.05,0.93
7.8,-1.75,6.78,0.93
4.77,-1.46,8.41,0.91
0.66,-4.28,9.29,0.88
0,-2.59,12.99,1.08
0.02,1.71,13.46,1.06
9.93,-0.07,2.62,1.51
1.03,-11.44,12.09,4.54
0.14,-14.79,9.93,2.34
0,-5.84,13.16,1.8
0,1.19,17.54,1.59
8.07,2.05,4.05,2.03
3.43,1.38,17.54,5.23
0.9,-5.4,14.81,3.53
17.95,-2.99,10.22,2.57
5.14,-2.23,11.96,2.62
0.45,-10.29,12.84,2.01
15.32,-10.33,5.35,1.72
8.89,-13.47,7.6,1.4
1.38,-10.34,13.19,1.54
0.01,-5.56,17.43,1.62
0.11,-3.22,20.41,1.47
0.84,-0.47,15.54,1.41
5.42,-0.56,11.97,1.59
5.94,0.12,6.17,1.41
1.61,-0.21,23.99,1.68
0,1.04,20.97,1.56
0,5.22,18.67,2.42
2.77,7.73,5.56,7.91
12.35,3.42,17.8,22.76
0,2.1,21.42,9.63
0.31,5.21,13.86,10
5.08,3.3,15.35,16.94
0.47,-3.23,16.56,10.64
0.31,1.04,18.34,6.45
1.01,3.99,11.73,8.31
0,7.68,21.64,13.92
9.58,7.89,9.64,17.58
9.42,7.14,5.27,29.99
0.02,2.63,20.04,16.29
0.01,2.15,23.99,9.75
0.93,4.69,26.65,8.86
1.46,4.3,7.84,9.17
4.62,5.55,13.92,8.75
1.17,5.73,16.38,8.91
0.15,5.58,19.33,8.35
0,7.77,25.22,7.66
0,10.74,22.47,9.12
0,10.39,22.48,11.33
0.76,13.01,21.85,13.05
13.08,9.36,0.59,14.56
1.33,5.19,7.77,11.87
0.01,6.31,12.01,7.42
0.02,9.96,20.49,6.56
1.69,10.03,15.7,6.45
0,8.75,27.49,5.8
0.06,10.9,18.12,5.44
0,11.89,14.31,5.6
0,11.06,34.06,5.39
0,11.36,31.41,4.62
8.61,14.37,17.26,4.51
10.33,14.7,10.46,7.5
0,8.66,31.6,6.56
0,9.27,31.22,4.12
0.04,9.21,24.52,3.34
7.29,5.87,1.97,2.92
0.29,10.01,8.52,2.78
0,15.62,28.57,2.65
0.2,17.33,25.57,2.49
0,15.03,27.95,2.29
1.1,13.54,9.59,2.15
1.56,14.21,2.95,2.19
0.6,15.32,8.1,2.27
0.55,15.55,10.35,1.96
28.62,12.78,12.26,6.79
0,10.73,25.72,5.04
3.21,10.29,20.14,2.92
10.51,9.39,3.22,2.44
26.19,9.96,2.84,2.6
1.99,9.84,14,2.52
0,11.98,15.83,2.03
0,14.96,28.22,1.72
0.78,16.23,25.91,1.51
0.17,13.8,25.12,1.35
0.56,11.41,16.78,1.23
5.93,8.21,13.92,1.17
3.83,8.61,4.01,1.25
0.24,13.91,19.52,1.17
17.19,15.97,11.94,1.05
9.38,14.34,7.99,1.13
0.22,15.2,17.87,1.13
0.9,15.21,16.21,0.98
6.37,12.1,22.33,1.17
11.93,11.27,6.78,1.05
1.29,12.89,18.32,0.96
23.18,11.17,4.09,3.16
1.04,12.24,19,2.96
0.8,13.55,11.8,1.72
2.23,15.07,10.74,1.47
0,14.04,25.66,1.33
1.62,15.84,17.98,1.1
53.28,14.72,1.09,1.22
0.85,13.98,20.3,2.99
0.02,9.86,28.41,1.8
3.55,12.91,24.12,1.33
0.79,11.36,21.93,1.41
0,10.22,22.36,1.2
0,13.73,25.21,1.06
0,18.29,21.97,0.96
0,21.02,25.19,0.88
0.63,21.5,23.21,0.83
0,18.93,29.92,0.78
0,18.45,26.14,0.72
0,17.93,24.73,0.68
4.9,17.19,6.57,0.65
0.02,18.21,26.68,0.65
0,18.23,27.42,0.6
0.08,20.04,25.65,0.56
0.16,21.32,24.05,0.65
0.12,22.58,25.47,0.76
4.38,22.53,14.38,0.59
16.86,21.73,11.23,0.58
15.75,16.63,2.13,0.7
0,15.73,24.87,0.64
5.89,16.05,10.44,0.54
0.87,17.23,21.16,0.53
0,16.64,25.97,0.49
0.68,19.11,24.53,0.45
0.38,19.05,26.7,0.43
0.15,16.31,17.28,0.4
35.81,13.76,1.6,0.52
7.75,14.3,7.42,1.17
0,16.1,18.24,0.92
10.95,16.31,10.99,0.64
1.39,17.57,13.85,0.58
10.98,16.35,3.77,0.54
0.42,15.55,21.24,0.64
1.14,16.15,18.82,0.58
11.73,16.48,13.89,0.59
0.02,15.2,21.86,0.64
0.8,16.16,16.03,0.52
13.99,18.25,11.12,0.46
13.45,16.91,1.64,0.46
5.4,18.16,14.26,0.55
0.08,14.5,17.5,0.5
0.8,14.05,15.54,0.44
12.72,13.3,8.34,0.47
2.37,13.59,12.38,0.61
0.46,15.61,15.77,0.52
0,18.57,20.48,0.45
2.54,17.01,13.39,0.42
0.01,14.35,19.65,0.4
0.25,15.89,20.7,0.39
1.39,16.67,16.83,0.39
0.05,9.25,23.82,0.39
0,9.59,18.16,0.37
2.17,12.76,8.22,0.37
4.35,15.8,11,0.42
20.05,13.34,3.37,0.43
1.27,13.86,18.2,1.23
2.59,17.21,21.56,0.77
1.24,9.24,24.8,1.22
0.86,6.56,18.18,0.81
0,10.67,19.08,0.65
0.49,13.55,15.46,0.58
5.56,11.03,7.29,0.55
9.67,15.03,2.85,0.57
24.42,16.03,16.56,0.84
0.78,11.52,16.96,0.77
0,13.04,18.56,0.6
0.23,15.52,18.7,0.54
0.22,10.51,18.11,0.52
0.18,10.31,12.74,0.51
0.02,12.89,18.9,0.47
0,16.33,17.65,0.45
1.51,17.86,12.57,0.43
0.57,17.66,12.73,0.43
0.02,17.67,14.82,0.41
0.42,16.98,17.85,0.39
18.06,13.98,1.23,0.7
5.66,11.73,1.21,1.22
0.33,9.08,10.07,0.85
0.11,9.69,10.52,0.66
0.01,7.59,12.18,0.57
3.49,8.6,11.22,0.52
2.41,10.77,9.13,0.6
4.76,9.16,2.52,0.65
5.52,9.63,2.82,0.59
0.92,11.32,12.69,0.64
0.16,12.26,11.95,0.58
0,11.2,14.14,0.53
13.28,9.8,0.6,0.53
2.71,13.06,5.83,0.68
0.04,11.53,6.8,0.68
0.01,12.38,10.55,0.61
6.71,12.65,11.12,0.57
0.15,7.03,17.39,0.61
0.08,9.14,13,0.59
0.84,10.64,9.81,0.55
0,9.37,13.24,0.53
0,11.77,13.95,0.5
0.94,9.13,8.54,0.49
21.63,7.66,0.96,2.47
1.11,5.52,3.54,1.9
0,4.02,15.06,1.33
0,3.36,14.66,0.99
0,4.2,7.49,0.85
3.54,7.42,4.57,0.78
7.29,7.76,8.76,0.77
7.15,5.86,3.69,0.78
3.44,2.24,5.36,0.92
1.42,0.83,12.64,0.88
0.5,1.73,9.69,0.81
0,5.27,12.44,0.76
0,8.03,11.44,0.73
1.94,6.79,14.79,0.74
0.04,-0.23,12.37,0.73
0.14,-1.03,8.57,0.68
0.16,0.49,10.62,0.66
0,2.16,13.15,0.63
0.03,4.08,7.61,0.63
0,3.7,9.91,0.6
0,5.34,8.14,0.59
0,7.36,12.7,0.58
0,8.98,9.73,0.57
0.01,9.25,9.5,0.55
3.75,8.32,0.52,0.6
4.92,8.53,0.72,0.8
0.51,11.14,2.96,0.94
2.77,14.91,3.67,0.77
28.64,10.2,2.17,7.26
0.02,0.21,15.9,4.43
0.35,0.28,10.79,2.27
0.6,3.84,6.11,1.72
0.77,-0.6,11.41,1.47
0.01,-2.44,10.46,1.28
0.97,0.52,8.67,1.15
2.79,7.64,4.06,1.13
32.85,2.92,6.15,8.71
0.03,-3.31,10.7,4.29
5.64,-1.91,4.24,2.6
0.05,-5.57,7.54,2.01
0,-3.34,5.91,1.69
0,-3.23,6.02,1.51
0.01,-2.91,4.42,1.38
0.22,-0.43,2.87,1.26
1.05,3.2,0.48,1.25
2.27,5.24,0.07,1.96
2.48,5.48,0.45,2.62
6.48,1.94,5.01,2.68
0.14,-4.51,10.44,2.52
4.73,-2.56,4.11,1.86
0.85,-11.44,5.51,1.51
0.07,-8.94,6.32,1.25
6.95,0.75,0.36,1.96
0.62,0.4,0.94,3.31
0.18,1.21,0.46,2.29
0.28,2.98,0.49,2.01
2.11,3.36,0.06,1.9
0.97,6.51,2.96,1.9
0.4,1.76,3.68,1.76
2.6,8.44,1.76,1.66
0.3,1.44,14.28,1.64
0.08,-3.85,11.1,1.41
4.03,-10.96,5.9,1.23
0.76,-12.94,4.82,0.76
0.7,-6.91,4.72,1.08
0.64,-13.39,4.28,0.86
0,-19.41,3.29,0.59
0.04,-10.84,5.38,0.7
0.38,-2.64,3.92,1.06
14.95,1.47,-0.26,4.96
0.12,-7.49,9.66,5.19
0,-11.09,7.17,2.05
0.59,-9.39,2.71,1.62
4.64,-5.02,1.66,1.62
2.83,-6.19,2.75,1.46
0.27,-11.51,2.06,1.19
0.11,-10.56,2.25,1.13
6.71,-3.68,0.77,1.24
2.78,2.2,1.93,1.35
2.77,1.41,7.62,2.37
0,-2.46,8.3,1.78
4.29,3.04,0.13,1.67
2.04,1.96,7.23,1.89
0.42,-4.81,8.59,1.4
0.22,-6.05,6.83,0.86
0.47,-4.46,5.84,1.13
1.27,-3.31,3.99,0.97
0.14,-10.64,6.65,0.54
0,-17.43,5.48,0.38
0.1,-8.53,1.52,0.65
2.62,-3.69,1.82,0.97
3.17,-4.24,0.7,0.86
1.08,-5.73,7.97,0.76
0,-13.62,7.16,0.7
0.56,-8.58,1.59,0.65
31.67,1.92,-0.01,10.79
0.85,-3.03,3.75,4.84
0.86,-11.26,4.88,2.16
0,-12.49,7.96,1.24
3.6,-9.68,4.21,1.08
12.54,-9.16,2.23,0.97
1.03,-13.28,2.29,0.88
0.3,-22.15,1.15,0.82
0.14,-24.67,0.86,0.8
0.05,-21.52,1.77,0.78
0.01,-17.27,2,1.29
0,-10.69,3.47,1.19
11.22,-4.8,2.08,1.4
3.63,0.17,2.7,4.75
1.77,-1.87,4.19,3.04
0.64,-12.43,3.39,1.73
0,-14.97,3.27,1.24
0,-13.45,4.66,1.24
0,-7.85,8.26,1.29
0.44,-5.43,4.53,1.24
6.24,-1.74,2.24,1.08
0.93,-5.58,3.66,1.01
1.11,-6.4,3.22,0.99
15.91,3.27,0.63,8.85
2.09,-2.91,4.77,6.83
0.53,-14.95,6.34,2.43
0.17,-14.13,5.74,1.62
15.19,-10.78,1.66,1.35
5.93,-10.09,3.1,1.19
0.56,-14.81,2.9,1.08
0.03,-21.19,2.39,1.02
0,-18.36,4.7,1.08
2.24,-12.82,3.85,1.13
0,-12.82,7.46,1.24
0,-5.98,10.03,1.19
0.09,-3.91,5.09,1.13
0.01,-6.56,6.25,1.08
6.01,-3.47,2.47,1.06
0.19,-3.73,8.72,1.04
0,-7.7,10.78,1.01
0,-5.86,13.27,0.97
0.39,-1.84,8.36,0.91
0.06,-4.48,8,0.86
4.72,-3.04,2.39,0.84
0.17,-5.07,6.95,0.82
1.04,-6.68,6.31,0.8
0.06,-10.77,5.37,0.76
0,-6.58,10.68,0.82
0,0.26,15.18,0.73
0.01,1,11.49,0.73
17.65,0.18,1.39,1.08
2.05,-3.11,9.88,2.16
0,-6.32,11.03,1.19
0,-5.89,13.41,1.04
0,-0.65,14.23,0.97
2.23,-1.79,5.45,1.04
0.06,-2.86,7.89,1.13
5.16,-2.49,4.22,1.01
10.69,-0.91,2.5,1.09
2.06,0.09,2.95,2.13
24.56,-0.1,2.39,1.56
3.02,-1.15,7.14,1.32
0.05,-1.49,9.06,1.11
7.32,-0.4,9.32,1.19
1.71,0.94,8.03,1.37
0.11,0.04,7.67,1.37
3.26,0.17,5.78,1.33
9.47,3.13,1.26,5.8
2.12,2.16,3.11,12.41
11.05,-0.65,6.76,6.02
4.62,-0.89,5.54,6.11
0.3,-8.31,11.16,3.53
0.15,-11.58,9.24,2.36
0,-12.07,12.28,1.96
0,-10.27,12.11,1.8
1.76,-4.73,14.23,1.68
17.61,0.75,4.7,1.69
1.84,-4.29,10.35,1.78
0.17,-9.12,12.38,1.49
0,-6.18,15.97,1.4
0.01,-1.74,15.49,1.41
0,-2.34,13.69,1.46
19.29,-2.04,2.16,1.6
6.2,1.57,5.82,1.83
2,1.9,6.26,2.08
0.21,1.57,12.1,2.13
2.01,2.93,11.18,2.13
5.28,3.74,1.32,4.8
0,2.24,19.03,5.16
14.53,-0.03,9.87,4.4
22.06,1.12,3.79,7.34
3.38,0.68,10.14,4.48
0,1.26,18.12,3.62
0.09,1.11,15.95,4.77
0.99,1.37,9.32,4.62
1.16,1.49,8.41,3.79
13.45,0.42,3.39,5.28
3.74,0.26,8.56,3.82
2.89,1.06,10.8,3.16
5.65,0.75,9.63,5.04
3.12,-0.12,9.47,3.95
1.23,1.62,15.9,3.07
0,3.4,20.3,3.59
19.65,3.61,6.21,7.42
8.54,5.84,1.55,22.76
5.59,3.1,1.74,13.7
0.11,5.16,14.34,9.75
0.04,10.29,22.5,11.87
1.85,11.93,22.92,18.02
13.95,7.47,0.64,17.26
2.92,11.99,9.33,19.53
17.28,10.38,1.24,16.94
8.91,14.66,10.21,27.08
13.27,10.61,5.62,18.56
5.08,7.52,17.62,9.86
0.34,6.12,21.42,7.07
0,9.98,29.56,5.6
5.19,12.21,21.69,6.38
12.25,2.6,3.9,17.48
5.22,1.57,8.43,9.32
7.33,3.17,6.98,6.63
0.62,3.53,12.28,5.56
0.77,6.95,6.43,5.04
0.01,10.85,24.55,5.64
6.79,9.65,2.48,5.56
1.25,5.8,21.3,8.55
0.29,3.3,26.7,4.69
0,5.69,28.43,3.56
0.52,9.26,28.45,3.07
8.05,9.02,1.99,4.51
0.69,12.03,13.68,4.43
0.05,13.25,22.66,3.5
5.24,9.88,4.1,3.98
4.15,7.67,3.16,3.5
0.09,10.22,18.19,3.43
3.28,9.5,12.78,2.87
12.62,5.71,2.02,2.92
2.44,7.22,12.89,3.5
4.81,9.5,15.53,2.9
26.85,9.66,1.26,3.38
9.9,11.74,6.19,5.47
0.03,10.18,20.73,4.77
1.02,9.49,20.08,3.21
0.62,12.08,25.22,2.62
8.69,9.51,1.58,2.73
3.04,12.14,14.04,2.96
2.94,15.58,16.43,2.42
4.76,13.41,19.32,2.87
0.02,9.92,23.61,2.32
0,10.09,26.7,1.94
0,12.07,26.62,1.72
0,15.1,25.18,1.54
0.38,18.23,25.84,1.41
2.08,20.75,20.8,1.33
1.01,20.81,19.41,1.23
1.25,21.27,26.26,1.13
2.92,19.66,14.09,1.23
11.21,19.65,16.79,1.66
10.52,18.24,4.38,2.15
0.09,18.86,25.67,1.8
0,18.57,29.14,1.33
0,20.15,31.26,1.11
0,21.6,34.39,0.96
0,21.73,36.11,0.88
0,18.02,41.5,0.8
5.62,13.04,15.78,0.81
2.2,13.2,19.81,0.81
5.9,16.15,8.27,0.79
0,12.94,19.46,0.9
0,14.73,31.26,0.77
0,17.8,34.03,0.68
0.14,19.23,23.54,0.63
20.77,19.63,6.99,0.74
0.39,21.19,20.29,1
1.19,24.32,26.18,0.7
29.73,20.61,5.69,1.68
8.17,14.87,4.23,3.04
0.02,14.61,22.08,1.38
0.29,17.3,27.54,0.96
0.69,14.44,28.6,0.84
0.05,11.49,23.96,0.76
0.68,15.29,22.4,0.7
0.95,18.15,12.54,0.77
1.5,18.64,22.09,0.74
0,18.18,31.53,0.67
3.23,19.39,15.16,0.6
1.15,19.55,20.54,0.59
0,17.87,24.36,0.55
0,19.36,29.33,0.52
0,18.89,32.54,0.5
1.5,18.45,26.52,0.53
23.29,17.86,17.98,0.58
12.75,14.38,16.55,3.13
0,17.67,25.57,1.78
8.97,16.12,10.87,1.04
0.44,15.58,17.75,0.96
0.02,16.54,26.83,0.83
0.09,18.07,23.75,0.71
0.44,20.65,25.45,0.65
7.14,20.32,6.78,0.63
10.67,20.68,10.79,0.65
0.19,19.67,24.08,0.64
35.1,19.77,12.54,1.13
23.5,18.05,8.97,2.42
0,18.76,19.39,2.17
0.34,19.48,11.53,1.13
7.79,19.91,12.72,0.9
12.86,19.8,4.89,0.87
0.49,19.3,19.65,1.09
3.5,20.69,23.27,0.92
2.12,16.87,18.72,4.51
0,12.15,17.94,1.9
12.8,13.28,11.35,1.33
16.21,10.66,4.6,3.88
0,12.7,19.46,2.47
0,15.23,21.67,1.53
1.14,15.16,12.62,1.19
0,17.88,19.28,1.01
0.08,18.86,16.81,0.92
5.7,18.53,7.32,0.84
0.3,19.29,19.31,0.81
1.31,19.48,30.42,0.79
0,14.38,32.15,0.7
7.81,13.41,6.68,0.67
0.11,14.47,18.27,0.71
0,13.72,20.53,0.64
0.03,15.39,23.85,0.58
0.66,17.89,15.59,0.55
2.03,18.61,7.65,0.66
1.57,18.07,12.56,0.68
2.84,16.94,9.27,0.59
4.8,16.8,8.32,0.61
16.89,14.86,2.7,1.06
0.11,14.86,15.31,0.98
0,16.47,21.49,0.7
0,18.65,19.3,0.58
0,19.48,19.09,0.53
0,19.94,19.75,0.5
0.23,21.71,17.94,0.47
9.42,19.05,16.74,0.44
0,15.11,25.1,0.43
0,17.21,22.78,0.42
0.52,17.82,6.26,0.41
8.99,19.09,10.79,0.43
0,15.84,20.06,0.42
0,11.44,20.09,0.39
0,8.91,21.74,0.38
0,8.3,20.07,0.37
0.08,8.75,15.6,0.37
17.95,9.48,1.63,0.38
3.52,12.69,9.04,0.43
0.6,16.96,11.83,0.43
0.3,19.82,15.6,0.39
0.81,19.93,24.39,0.36
46.44,11.65,12.66,5.04
1,7.49,12.34,1.66
0.37,6.37,11.72,0.96
0,7.57,15.27,0.78
0,8.73,12.02,0.68
0.49,10.84,9.45,0.63
0,8.63,17.1,0.59
0,10.2,16.04,0.55
0,12.97,14.87,0.53
0.31,12.21,6.48,0.51
1.47,15.26,3.44,0.51
0.01,16.13,15.92,0.52
6,16.34,8.44,0.49
14.97,11.49,2.49,0.64
7.52,10.86,13.81,1.14
0.04,7.14,16.97,0.94
0.12,8.98,13.18,0.72
0.3,6.61,10.39,0.64
0,3.66,14.65,0.59
0.08,3.87,6.18,0.56
11.28,9.97,5.56,0.55
11.88,14.25,1,1.18
3.03,13.28,18.59,1.72
0.54,4.6,18.86,1.33
0,3.91,13.39,0.96
0.09,5.07,6.13,0.83
0.26,6.73,11.16,0.78
0.11,2.51,10.72,0.73
0,-0.53,12.8,0.69
0,-0.69,11.42,0.66
0,0.22,11.18,0.64
6.68,1.69,6.9,0.64
13.39,2.28,2.35,0.82
0.01,1.04,7.18,0.88
1.86,0.3,5.55,0.76
3.75,-0.02,4.22,0.71
0.04,3.84,9.89,0.69
5.69,0.76,11.63,0.78
0,-1.95,10.68,0.79
0,0.37,6.59,0.69
0,2.45,10.2,0.66
0.11,4.03,7.81,0.65
7.85,5.95,0.7,0.66
25.23,4.01,1.34,3.81
17.99,0.55,2.22,10.9
0.66,1.55,1.77,5.53
1.22,0.92,4.83,2.93
0.02,1.05,6.72,2.1
0.03,4.36,2.73,1.89
1.51,3.82,4.24,1.93
21.41,4.66,0.74,3.15
4.98,-0.06,6.5,5.04
0.02,-4.93,9.15,2.99
0,-4.65,6.32,2.16
0.68,-2.45,6.8,1.84
42.47,0.43,2.06,2.96
4.34,-1.31,3.02,6.59
1.49,-6.31,4.49,3.29
0.15,-7.01,2.87,2.41
0,-3.45,3.47,2.01
27.98,1.6,1.69,9.21
1.46,-0.14,3.09,7.17
0.13,-2.36,3.09,3.99
7.22,-0.1,1.12,3.1
58.6,-0.26,3.11,13.7
1.5,-3.7,9.41,7.68
0.07,-6.47,4.21,4.4
5.78,-5.32,2.16,3.39
6.23,-0.08,1.53,4.32
2.11,-3.18,5.51,4.4
1.47,-5.93,3.74,3.15
0.63,-6.93,2.88,2.62
2.44,-7.84,3.49,2.34
14.15,-12.02,1.37,1.87
2.09,-4.54,1,2.15
19.1,-2.65,1.51,2.01
18.41,-4.28,6.14,6.9
0.2,-13.93,3.23,3.72
1.11,-11.3,1.48,2.42
1.47,-4.91,1.73,2.32
0,-15.19,2.25,1.67
3.99,-9.07,0.9,1.68
24.51,1.78,0.39,13.27
5.89,1.39,0.48,20.61
2.2,2.26,0.64,11.22
0.85,-2.7,2.63,7.93
0.88,-7.14,3.18,5.24
1.05,-10,2.25,3.92
1.43,-14.23,2.5,3.17
0.01,-24.51,0.88,2.11
0,-21.54,1.34,1.83
22.27,-8.86,0.64,1.73
0.72,-11.48,5.22,1.62
1.48,-16.2,1.65,1.51
0.27,-25.54,0.87,1.46
0.02,-21.65,0.93,1.4
0.04,-17.05,1.15,1.62
17.8,-10.88,1.39,2.05
1.35,-4.08,5.73,4.8
0,-16.27,1.84,5.25
0,-14.91,2,3.45
0.01,-14.95,1.36,3.13
0.87,-13.42,0.73,2.7
0.22,-9.88,1.96,2.27
0.51,-5.86,1.35,1.94
0.34,-3.17,3.01,1.62
3.48,-2.22,1.21,1.46
1.8,-5.5,2.05,1.35
0.31,-12.89,1.36,1.29
0.16,-15.31,1.55,1.24
15.3,-10.54,0.41,1.19
4.25,-15.85,1.59,1.13
0,-22.07,1.96,1.08
0.28,-19.26,1.45,1.04
2.27,-11.75,0.39,0.99
0.3,-14.2,1.38,0.95
0.01,-17.71,1.59,0.93
0.02,-14.73,2.07,0.91
1.65,-12.44,1.6,0.88
1.5,-11.18,2.32,0.86
0.21,-18.61,1.68,0.84
0.19,-23.27,1.17,0.76
0.01,-22.71,1.56,0.78
0.76,-14.56,1.97,0.78
7.73,-6.15,-0.07,0.82
0.52,-0.39,6.36,2.52
0.15,-11.2,6.37,1.43
0.77,-7.69,2.77,1.02
0.14,-13.7,3.37,0.96
0.51,-14.44,1.21,0.81
2.62,-7.25,2.04,0.82
2.72,-7.99,3.02,0.78
0.03,-17.24,2.82,0.73
0,-14.66,3.97,0.71
5.24,-5.14,1.65,0.73
5.3,1.04,2.02,0.81
5.24,-0.7,2.48,1.08
6.88,-4.65,4.4,1.13
0.83,-11.26,2.93,0.97
0.23,-18.37,2.8,0.81
1.45,-17.44,3.12,0.7
0.01,-14.78,2.34,0.67
1.94,-2.46,1.9,0.65
0.38,1.02,3.63,0.67
0,0.38,6.85,1.19
0.88,0.73,2.83,1.35
9.92,3.35,-0.14,1.29
0.01,1.99,11.53,1.83
0.04,0.27,4.11,3.78
2.99,0.59,3.13,3.24
0.74,-0.26,5.81,3.13
8.37,0.56,5.12,11.76
0.71,-4.26,7.74,9.17
0.22,-5.87,7.6,2.16
0,-0.21,10.43,1.94
1.85,0.67,2.62,2.05
0.01,2.59,7.92,2.59
5.43,-6.38,6.86,3.24
0.01,-10.46,5.58,2.37
17.98,-8.19,2.06,1.89
6.78,-3.85,6.2,1.87
0.59,-15.74,4.45,1.54
0.47,-15.55,4.52,1.39
0.13,-16.38,3.89,1.34
0.02,-15.18,4.15,1.28
6.02,-10.23,5.01,1.23
1.39,-3.99,7.42,1.13
0.36,-11.82,6.18,1.13
0.02,-18.73,4.06,1.08
0.01,-18.35,4.84,1.08
0.03,-17.67,5.88,1.08
1.78,-12.78,7.36,1.13
0.23,-21.09,4.02,1.08
10.15,-16.05,2.76,1.19
29.84,-10.28,2.26,1.24
0.03,-6.95,8.08,1.4
0.02,-0.13,10.95,1.24
2.33,-2.21,7.62,1.48
6.97,-3.66,2.53,1.19
24.6,0.1,2.3,1.73
0.17,1.62,2.29,3.45
0.85,1.26,3.04,3.78
4.17,2.27,11.91,4.58
2.11,-0.76,11.31,3.27
0.22,-5.54,13.11,2.3
0.1,-5.01,13.3,1.89
0,-6.06,12.04,1.69
0,-4.59,11.95,1.56
0.01,-3.39,12.8,1.5
18.14,-3.12,7.05,1.47
4.99,-2.85,8.9,1.4
0,-2.77,15.71,1.31
0,0.23,16.44,1.31
0.06,1.31,16.58,1.39
0,0.91,16.84,1.5
0,2.15,18.87,1.7
36.05,2.74,4.09,8.02
2.3,4.95,6.81,28.91
12.1,2.08,1.09,13.92
1.29,-0.92,10.37,8.81
0.01,-4.65,11.53,5.29
2.02,-4.3,7.27,4
0.08,0.9,9.26,3.43
0,2.05,11.81,3.55
0,2.07,11.47,4.75
0.01,3.14,10.13,6.03
4.95,2.24,10.2,6.9
11.8,1.47,1.17,7.23
3.34,4.97,8.23,12.3
0.68,4.88,9.09,10.79
6.78,3.08,1.41,9.11
1.09,4.33,9.33,8.06
1.16,-1.19,16.18,7.74
0,-0.65,19.44,5.51
0.24,5.23,21.87,5.15
12.02,2.88,3.1,8.73
4.39,2.36,3.42,9.17
0.05,4.11,20.55,6.24
0,5.77,19.07,6.44
0,7.32,25.46,7.1
0.01,9.92,15.44,7.88
1.36,13.12,25.32,10.09
0.83,5.96,27.26,11.65
0.61,1.07,16.19,6.27
0,4.98,22.02,4.52
19.94,2.71,1.29,11.54
3.55,2.3,8.26,8.37
0.04,6.22,22.7,5.53
0,10.58,27.7,5.14
8.66,6.45,5.42,6.55
2.3,7.19,19.3,10.38
1.13,5.36,21.75,6.45
1.8,9.17,24.39,4.79
16.78,8.82,1.75,11.11
1.83,7.94,19.26,10.9
17.68,4.5,3.88,9.48
2.08,4.07,17.25,7.31
2.08,3.42,14.14,6.17
1.1,4.6,20.37,5.21
0,7.07,30.7,4.24
3.78,9.12,15.14,4.17
0.64,10.77,12.84,5.72
0.48,12.5,21.13,5.39
0,15.78,24.16,5.14
23.76,17.57,15.48,9.14
3.97,11.12,24.13,13.59
2.02,13.84,20.12,6.77
13.43,16.76,19.71,5.97
0.01,10.67,26,5.1
5.62,8.53,5.11,3.88
54.92,6.85,1.37,11
40.16,9.76,0.5,26.75
27.91,7.16,1.58,32.9
3.81,9.16,12.65,14.35
8.34,9.56,8.39,12.3
0.09,11.78,20.2,10.36
5.89,12.64,12.96,6.86
0.03,14.82,25.86,5.28
13.05,15.88,12.48,4.27
8.03,19.13,8.63,3.82
0.07,21.76,24.78,3.27
0,22.42,31.97,2.78
0.07,21.24,24.45,2.36
0.08,20.51,28.93,2.05
0,17.97,29.58,1.79
0.05,19.07,24.6,1.59
15.25,15.83,6.95,2.37
0.07,8.63,25.36,3.1
0,11.33,25.58,1.89
0.22,15.17,22.59,1.56
10.42,14.76,7.58,1.41
10.75,18.17,16.72,1.43
0,13.57,26.56,1.26
0.02,13.23,28.02,1.12
0,12.58,29.4,1.09
0,13.94,30.16,1
4.76,10.65,16.42,0.93
32.66,13.37,1.79,4.52
9.62,12.76,5.3,4.73
0.03,14.66,19.94,3.45
0.68,18.06,19.97,2.1
8.34,17.54,14.96,1.59
9.66,17.02,9.5,1.5
0.19,18.36,18.58,1.37
0.01,20.38,23,1.18
0.86,20.38,23.32,1.06
1.46,19.36,19.86,1.01
45.27,18.13,-1.59,1.34
18.2,18.32,14.55,1.89
33.69,17.5,2.6,3.78
0.05,12.94,17.48,3.65
0.79,13.23,13.61,2.15
0.56,16.44,17.61,1.7
14,17.46,12.86,1.46
4.95,18.43,20.82,1.81
1.08,17.95,18.32,1.47
1.06,19.23,22.05,1.22
0.09,21.47,21.2,1.09
10.96,19.79,10.38,1.25
1.08,17,16.04,1.36
5.76,16.19,6.47,1.51
1.31,15.81,15.73,2.85
0,17.65,24.26,1.6
0.86,18.18,17.73,1.21
0,18.41,21.71,1.07
2.96,19.48,13.4,0.97
0.76,18.69,31.78,0.88
0.05,14.34,28.86,0.82
0.23,15.22,19.45,0.79
7.08,13.06,3.53,0.83
0.36,14.39,13.28,0.93
0.12,15.79,19.84,0.81
0.07,17.16,17.4,0.72
0,18.77,21.64,0.67
0.13,18.22,10.9,0.64
0.85,18.62,15.26,0.66
0.03,19.12,18.95,0.61
0.2,20.35,23.17,0.58
0.5,21.15,21.65,0.55
0.13,21.76,20.84,0.54
11.86,19.29,6.44,0.58
0.06,20.21,18.38,0.61
0.15,19.67,18.46,0.52
0.3,19.31,11.05,0.5
3.9,19.19,7.22,0.5
0.65,19.06,11.18,0.5
1.55,20.11,11.16,0.49
5,20.28,6.73,0.5
8.05,20.29,8.32,0.95
2.81,18.99,11.7,0.76
0.02,14.98,21.63,0.58
0,13.78,22.07,0.52
1.27,13.11,8.07,0.47
0.35,12.8,16.66,0.49
0,13.9,22.58,0.46
0.01,18.5,26.84,0.44
6.23,16.78,7.72,0.47
13.4,14.07,4.37,1.2
0,13.86,20.24,1.43
0,15.59,22.12,0.72
0,17.52,22,0.57
0.01,18.9,22.56,0.51
4.45,19.11,11.11,0.47
6.62,19.23,5.76,0.45
23.86,16.94,9.79,0.49
2.38,12.85,14.37,0.51
0,11.08,19.08,0.52
1.14,10.1,7.43,0.47
0.08,11.9,6.94,0.49
0.2,10.59,15.61,0.45
0.17,7.28,15.32,0.43
0.12,8.19,15.45,0.42
0,11.46,21.21,0.41
0,15.01,23.17,0.39
0.18,15.3,18.34,0.38
28.19,15.96,5.2,0.43
1.05,11.11,14.5,0.77
2.68,11.91,14.06,0.53
4.54,14.1,12.93,0.47
6.13,7.17,4.23,0.47
0.12,5.24,12.99,0.58
0.1,7.41,15.3,0.56
0,10.11,19.32,0.5
0.17,11.08,13.66,0.44
8.6,13.38,15.98,0.42
0.03,7.72,16.24,0.92
0,8.4,17.8,0.61
0.27,14.93,11.7,0.51
0.28,16.19,15.61,0.46
0.29,16.03,10.95,0.43
6.59,10.53,15.16,0.54
0,3.54,19.07,0.58
0,5.99,16.31,0.49
0.13,6.39,10.57,0.45
0,6.35,13.77,0.44
6.23,5.6,1.95,0.44
31.9,2.3,1.18,1.17
6.1,4.82,5.1,2.04
2.32,2.84,14.93,2.88
0.93,0.3,19.34,1.43
0,-0.85,13.83,1.06
0,3.43,15.21,0.86
0.29,8.73,7.25,0.79
0.32,9.67,3.14,0.85
0.53,8.62,4.89,0.88
0,9.64,9.47,0.82
0.03,11.64,9.93,0.77
0,9.29,8.71,0.72
0,8.21,13.31,0.7
0,8.51,13.59,0.67
0,9.42,14.61,0.65
0,7.29,10.67,0.63
0,7.58,13.38,0.61
2.77,9.21,14.59,0.6
3.86,11.29,11.44,0.63
3.05,10.1,17.04,0.61
9.51,11.65,5.85,0.6
6.86,7.82,9.61,0.72
0.03,6.07,11.75,0.78
0.75,5.09,11.3,0.67
9.45,3.55,1.03,0.66
0.43,5.18,1.32,0.68
0.89,12.43,3.84,0.66
7.78,10.11,10.94,0.82
0,3.75,16.83,0.86
0.11,2.96,8.97,0.72
0.11,1.42,8.23,0.66
7.52,4.06,15.04,0.74
0,-1.49,11.64,0.84
0.08,0.43,7.99,0.71
12.7,4.49,0.13,0.8
0.35,3.41,5.9,1.18
0,-2.38,11.23,0.92
0,-2.37,10.4,0.77
0.06,0.3,5.54,0.72
5.27,4.47,0.28,0.74
20.96,8.85,2.75,0.83
35.83,7.27,0.8,4.55
9.22,-0.68,4.16,4.97
1.78,-4.01,8.94,2.58
0.06,-1.48,10.94,1.76
0.78,1.23,5.77,1.69
0.84,-3.09,13.95,1.68
2.23,-3.27,5.54,1.31
0.6,-8.63,7.75,1.21
1.07,-8.06,6.37,1.05
0.71,-6.29,4.23,1.01
0.05,-6.8,3.03,0.99
0.48,-5.09,5.11,0.97
1.15,-3.82,2.4,0.93
0.01,-3.33,6.7,0.87
0,1.07,4.86,0.85
0,2.41,7.69,0.86
0.14,3.95,1.49,1
12.3,4.43,0.14,4.83
0.88,-0.96,5.58,5.14
3.91,-0.52,2.1,2.64
0.18,-3.19,7.07,1.95
15.88,-3.71,4.31,1.58
1.1,-5.09,4.75,1.51
0.42,-10.29,2.66,1.26
21.98,-6.6,0.71,1.17
1.52,-12.82,2.67,1.08
6.52,-10.38,1.52,1.02
0.02,-3.86,2.72,1.08
0.65,-3.33,0.66,1.04
0.03,0.23,1.76,1.01
0.01,-2.61,1.11,0.99
0.46,1.29,1.35,1.62
0.75,-8.56,3.44,2.66
6.88,-9.39,1.34,1.62
0.26,-4,1.49,1.43
0.26,2.67,1.62,1.56
0.79,-1.39,2.54,1.96
6.21,-4.99,2.22,1.55
1.16,-4.59,4.38,1.4
0.78,-11.25,3.96,0.99
11.47,-2.2,2.5,1.15
0.58,-6.91,4.49,1.02
0.19,-4.71,3.28,0.92
2.26,-9.53,5.04,0.84
1.23,-16.26,2.61,0.82
0.82,-18.86,2.46,0.79
10.45,-5.35,0.29,1.65
13.05,6.28,-0.06,4.32
0.61,-6.2,4.68,9.71
0.02,-10.89,2.92,3.55
16.41,-5.88,1.24,2.7
0.74,-3.29,2.66,2.47
0.01,-14.64,1.68,1.6
0,-12.55,2.9,1.29
0.59,-12.26,2.25,1.08
0.14,-16.75,2.48,0.97
1.23,-15.04,1.69,0.97
4.48,-14.76,1.48,1.29
0.18,-20.97,1.48,1.19
0.06,-19.4,1.29,1.08
0.05,-19.08,1.41,1.02
0.3,-18.28,1.04,0.97
0.09,-14.84,1.46,0.95
0.09,-10.73,2.03,0.92
1.52,-11.84,1.77,0.84
0.15,-23.72,1.26,0.8
2.33,-18.83,0.88,0.78
0.41,-14.98,1.91,0.76
4.42,-11.44,1.24,0.76
1.62,-14.18,2.32,0.76
0.77,-20.68,2.1,0.73
1.68,-14.63,3.29,0.71
1.84,-9.96,4.06,0.71
1.15,-8.76,3.59,0.7
1.48,-11.25,1.68,0.7
1.1,-13.42,2.14,0.7
0.37,-15.45,1.86,0.69
0.38,-12.94,3.28,0.67
0.07,-14.62,2.13,0.67
0.01,-15.83,2.82,0.67
2.07,-14.18,2.77,0.63
3.64,-6.06,0.96,0.63
2.95,-7.53,3.47,0.65
0.63,-15.72,2.82,0.65
0.13,-18.7,2.89,0.6
1.56,-16.57,2.52,0.6
4.74,-13.95,2.24,0.6
0.16,-19.59,3.53,0.6
2.62,-21.2,2.42,0.58
1.16,-15.93,2.29,0.58
0.15,-11.02,3.07,0.56
0,-7.54,5.04,0.54
4.51,-4.95,2.68,0.54
29.5,1.27,3.2,2.7
0.36,-3.81,5.66,6.83
0.36,-7.84,5.81,2.7
0.06,-11.79,4.22,1.54
0.36,-8.15,6.86,1.13
1.59,-9.04,6.07,0.92
3.39,-8.33,5.31,0.81
0.27,-9.06,4.99,0.78
0,-8.77,6.7,0.76
3.83,-0.29,2.69,0.81
12.37,2.29,1.08,1.62
12.79,3.8,0.67,5.39
4.58,-1.77,10.31,11
0.17,-3.53,8.16,4.06
6.33,-1.65,5.55,2.69
0.03,-11.66,8.86,1.83
0.1,-1.75,13.94,1.77
3.07,0.49,9.42,1.64
0.22,-10.16,13.37,1.34
13.42,-13.74,4.91,0.98
17.48,-5.93,5.48,1.02
0.63,-12.1,5.8,1.14
0.35,-10.61,8.25,1.02
5.83,-1.24,4.69,1.07
0.67,-1.94,7.23,1.05
0,-2.26,11.62,0.97
0.03,-0.19,11.9,1
31.74,0.84,1.84,2.14
7.73,-0.23,6.41,2.83
0.62,-1.2,11.44,1.69
1.53,-6.32,9.28,1.27
0.01,-10.71,12.65,1.07
2.13,-4.62,6.59,1.09
1.18,-9.44,8.98,0.99
0,-8.72,14.11,0.92
1.79,-1.8,15.45,0.97
0.3,-10.08,12.22,0.91
0,-6.73,14.83,0.86
0,-1.96,15.61,0.9
0,-4.46,15.03,0.9
0,-9.29,13.47,0.73
0,-6.85,16.84,0.82
0.18,-0.06,14.93,0.82
9.01,5.11,8.03,1.49
0.24,5.42,10.86,4.47
0.71,-0.48,14.74,4.95
1.22,-2.17,16.96,2.82
14.22,-2.84,3.98,2.11
1.94,-2.31,10.38,1.73
2.82,-2.32,10.81,1.49
3.62,-0.23,12.62,1.36
11.02,-0.32,3.31,1.35
5,3.74,2.22,3.4
0.14,1.04,26.72,4.26
2.46,-0.42,14.17,2.79
2.93,-4.35,13.07,2.31
0.23,-5.72,16.1,1.82
1.27,0.22,16.73,1.7
0,-3.71,21.74,1.58
0.02,-3.42,19.01,1.49
0.56,-0.23,6.16,1.41
0.17,7.45,13.92,1.87
2.65,7.41,14.11,6.81
0.01,-4.45,27.97,8.34
8.34,-1.83,13.33,3.95
0.02,2.88,10.45,6.79
0,4.5,22.28,4.56
0.97,7.79,17.86,4.93
0.23,9.4,11.49,6.87
0.01,6,20.69,8.11
0,4.78,16.01,7.1
0,9.82,27.15,6.69
1.85,10.12,25.7,9.6
3.11,5.52,14.69,8.85
1.61,6.78,16.05,5.76
0.48,5.76,16.1,5.65
0,11.12,29.32,5.44
0.02,7.86,29.03,6.42
0,7.79,26.56,4.74
3.02,4.21,8.06,3.84
1.55,3.42,24.59,3.62
12.52,2.94,1.7,3.65
4.1,3.9,0.97,4.29
10.06,7.14,20.77,7.24
3.43,1.09,27.81,5.38
0,4.82,26.14,3.66
2,13.31,19.85,3.71
0.24,15.72,24.15,6.02
1.3,11.55,20.23,5.28
3.93,15.73,13.82,5.67
0.38,10.71,15.51,4.75
0,10.78,29.39,3.41
3.03,11.8,9.88,2.93
9.98,12.33,3.31,3.07
21.8,7.16,1.65,10.3
0.46,5.82,22.14,9.6
1.29,13.68,25.84,4.92
6.97,13.78,12.37,3.93
0,11.7,30.51,3.21
0,12.51,31.15,2.72
0,13.93,33.36,2.37
0.42,15.26,29.8,2.11
0.38,11.71,8.75,1.93
12.47,11.91,2.07,2.39
0.2,11.96,22.06,3.54
0,11.12,30.75,2.37
0.49,13.42,32.39,1.9
0.86,16.33,25.07,1.68
6.27,13.88,13.63,1.73
0,15.53,29.74,1.56
0.14,15.43,30.54,1.37
0,12.58,30.74,1.23
0.56,10.79,17.3,1.17
7.79,8.28,4.62,1.62
0,11.39,27.24,1.86
2.18,13.3,17.26,1.38
1.13,14.78,22.27,1.48
0.29,13.89,27.04,1.23
0,13.13,31.96,1.07
18.62,9.46,1.76,1.08
9.08,9.04,2.5,1.23
3.24,8.81,11.77,1.4
0.22,10.91,20.25,1.36
5.81,11.28,3.76,1.14
2.39,14.29,12.66,1.15
9.87,14.28,2.55,1.15
0.98,13.72,22.64,1.23
1.36,12.94,19.51,1.02
2.68,13.06,16.05,0.94
0,16.63,30.44,0.86
6.81,16.38,10.3,0.81
12.27,15.61,13.01,0.8
2.63,8.91,14.58,0.77
5.09,9.1,3.44,0.93
3.47,9.71,7.39,1.06
10.25,11.07,1.55,3.13
5.02,13.3,11.35,3.7
0.91,14.93,14.94,2.55
0,17.95,25.09,1.75
0.44,18.3,20.56,1.4
12.33,16.63,10.39,1.25
0.59,17.58,19.5,1.21
0.04,20.2,27.67,1.01
9.52,19.95,15.94,0.92
9.95,17.26,10.38,0.92
2.15,15.12,12.14,1.1
0.2,18.08,22.99,1.1
21.72,18.24,11.35,0.99
4.33,15.77,23.06,0.98
2.04,15.49,27.13,0.84
0.18,16.69,20.8,0.78
7.36,18.52,12.14,0.72
10.6,20.9,13.37,0.7
6.44,19.91,17.14,0.78
0.01,16.68,19.82,0.69
0,17.63,20.93,0.63
0.03,19.72,26.79,0.58
0.95,19.36,21.9,0.55
0.01,18.53,21.12,0.53
10.34,17.88,26.33,0.52
0.61,13.22,24.12,0.5
0,15.73,26.31,0.49
0,19.52,25.82,0.47
19.45,19.61,7.84,0.47
0.88,15.29,20.21,0.85
0,15.38,25.5,0.58
0,19.17,23.43,0.5
2.49,16.75,17.48,0.52
16.04,14.16,8.73,0.53
9.1,13.66,17.95,1.86
0.26,13.78,18.28,0.9
0.01,15.88,19.31,0.66
0.3,17.57,19.84,0.57
0,19.18,25.35,0.53
0,18.74,23.45,0.5
0.77,17.97,19.81,0.47
14.81,17.79,4.68,0.53
0,18.12,20.4,0.51
0,19.47,23.55,0.46
7.15,19.29,11.86,0.45
0.39,15.21,25.68,0.49
0,16.54,24.61,0.44
0.25,20.24,19.81,0.43
7.76,20.89,14.31,0.42
3.77,17.03,18.5,0.47
0.13,14.63,20.29,0.43
0,15.87,22.05,0.4
0.01,15.25,20.57,0.39
0.2,15.91,14.35,0.41
0.45,14.42,15.28,0.42
0.07,13.71,19.48,0.39
1,13.5,17.76,0.38
0.2,14.19,16.85,0.37
7.33,13.57,1.8,0.39
5.65,14.18,1.76,0.5
2.18,16.75,11.07,1.11
1.25,16.27,16.12,0.81
0,11.95,21.23,0.58
16.76,9.07,1.72,0.53
4.52,8.08,2.99,0.63
0.16,11.44,18.56,0.6
3.14,13.32,7.52,0.53
0.44,13.06,11.12,0.54
4.64,17.38,4.55,0.5
0.03,17.24,14.06,0.47
18.34,15.63,4.33,0.63
0.82,16.33,6.27,0.69
0.46,17.9,17.64,0.58
2.8,15.54,14.45,0.52
7.89,11.93,1.28,0.64
0.14,7.67,21.14,0.82
0.51,5.52,14.75,0.67
1.86,5.53,12.07,0.59
0,6.85,17.35,0.56
0,10.08,17.78,0.52
0,11.6,16.23,0.5
0,12.54,17.9,0.47
0,14.23,16.35,0.46
0.06,16.98,15.06,0.44
0,18.96,17.74,0.43
0,16.69,15.18,0.42
0,12.94,16.49,0.41
0.03,14.1,12.13,0.4
7.6,14.12,1.53,0.39
2.86,12.33,17.71,0.42
0.02,11.22,16.88,0.42
48.21,12.65,1.08,5.28
3.04,11.05,7.99,8.51
0,12.36,13.81,3.16
0,13.6,15.76,1.94
0.01,14.55,13.91,1.49
3.07,11.73,2.53,1.29
2.17,9.51,12.76,1.2
1.61,8.83,1.93,1.1
20.4,11.4,1.84,1.2
0.33,7.22,14.17,2.28
0.11,5.82,13.86,1.43
0.06,7.67,14.94,1.18
3.3,10.43,5.9,1.05
7.49,12.3,3.99,0.99
0.1,2.89,18.33,0.97
0,2.06,14.25,0.9
12.3,4.02,0.81,1.18
0.84,9.14,3.14,1.58
14.79,10.03,0.41,1.83
1.66,6.74,12.09,3.71
0,2.19,14.49,1.9
0.33,5.83,12.52,1.48
3.35,8.98,1.53,1.67
0,3.63,19.17,1.76
0,1.8,12.41,1.39
0,4.26,14.3,1.24
0,6.79,12.82,1.14
1.86,6.54,13.15,1.06
2.71,8.58,17.82,1.15
0.3,4.3,18.94,1.12
0.63,6.93,14.83,0.99
0.3,-0.79,24.14,0.94
0,-2.1,16.65,0.88
0,0.46,9.28,0.84
0,1.61,10.57,0.82
0,2.27,14.71,0.79
0.52,3.74,4.36,0.77
0.45,2.62,5.87,0.76
0.46,1.82,3.95,0.72
27.33,3.83,0.85,0.92
10.68,7.1,0.34,5.03
3.03,5.65,2.46,6.8
1.95,2.88,12.22,3.45
3.23,0.54,8.62,2.36
9.25,3.91,0.8,2.27
2.81,-0.1,4.95,2.22
3.59,-1.99,1.55,1.86
4.75,3.72,0.27,2.45
10.64,-0.34,6.49,3.92
0.87,-5.9,10.03,5.35
5.43,-5.78,8.7,2.83
7.8,0.34,2.52,2.5
0.24,0.48,2.73,2.37
0.83,4.05,1.3,2.22
0.73,7.01,1.93,3.3
0.01,-0.68,10.12,2.9
10.25,-3.77,6.29,2.18
0.96,-3.82,4.43,1.92
1.66,-3.21,4.71,1.73
0.69,-7.2,8,1.48
1.95,-7.72,3.92,1.27
2.26,-3.44,0.96,1.42
8.1,-6.8,1.13,1.29
0.61,-6.04,1.6,1.2
0,-6.08,3.95,1.14
0.26,-4.17,2.58,1.11
8.31,-0.09,3.43,2.89
1.04,-11.48,9.43,2.16
0,-11.65,3.1,1.24
0.05,-9.4,3.39,1.13
2.01,-6.96,2.18,1.19
0.07,-10.98,2.21,1.08
2.7,-5.06,1.97,1.06
0.04,-9.08,1.82,0.97
0.4,-9.91,2.23,0.91
0.78,-7.07,2.56,0.88
9.18,-6.12,1.2,0.86
8.03,-10.27,1.77,0.88
5.36,-9.56,2.86,0.86
0.25,-15.12,1.61,0.8
0.58,-11.95,2.5,0.84
1.47,-10.98,3.14,0.8
1.15,-16.14,2.49,0.78
0.07,-23.25,1.47,0.78
0.16,-14.17,1.91,0.78
0.82,-13.1,2.05,0.76
1.04,-13.77,1.91,0.73
3.95,-7.01,1.66,0.71
3.2,-3.68,0.48,0.69
10.29,-9.3,1.34,0.65
0.08,-19.98,1.23,0.65
1.34,-15.26,0.55,0.65
0.34,-12.62,2.47,0.67
0.32,-14.58,1.67,0.65
0.43,-13.71,2.17,0.63
0.27,-7.99,2.79,0.6
0.56,-8.28,3.59,0.58
0.17,-11.16,1.98,0.58
14.39,-7.31,0.69,0.56
0.28,-15.16,2.14,0.56
14.31,-11.6,0.61,0.54
1.81,-12.09,3.18,0.54
0.31,-20.66,1.18,0.54
0.08,-22.09,0.99,0.52
0.13,-11.83,2.14,0.52
1.33,-4.04,2.74,0.51
0.15,-12.37,2.39,0.51
0.18,-5.75,3.62,0.5
0.88,-7.08,2.2,0.5
0.12,-22.85,1.32,0.49
0.13,-25.12,1.09,0.49
0,-18.67,1.96,0.49
0.19,-9.41,2.76,0.49
0.02,-0.5,2.92,0.47
11.15,0.93,0.95,0.47
13.39,2.07,0.43,1.62
1.71,-1.92,3.99,2.7
1.21,-3.42,3.19,1.51
0.3,-12.52,4,1.4
0,-18.66,1.86,2.16
6.98,-15.23,0.96,1.94
41.05,1.2,0.38,5.39
47.06,2.21,0.41,52.32
3.68,-16.67,2.16,15.64
0.4,-16.89,2.91,4.75
0.19,-14.38,3.42,3.34
0.43,-15.73,2.94,2.61
1.83,-15.92,3.63,1.87
10.58,-7.34,2.15,1.56
0.22,-11.38,3.78,1.4
0.52,-13.83,4.23,1.29
8.77,-4.76,3.09,1.19
0.37,-15.09,3.89,1.13
0.07,-16.48,4.57,1.06
0.13,-12.41,6.17,0.99
0,-12.47,6.75,1.04
0.31,-10.45,3.6,1.13
0.38,-10.79,2.9,1.19
0.25,-14.65,2.35,1.29
0.59,-14.58,3.13,1.1
0.7,-11.83,4.64,1.06
0.9,-10.31,3.69,0.99
0.18,-12.58,3.75,0.97
3.47,-10.86,1.33,1
1.44,-4.74,1.47,0.91
0.75,-2.72,4.3,0.9
0,-3.24,8.38,0.87
17.64,-2.7,1.47,0.83
0.4,-7.66,8.21,0.84
0.75,-8.94,6.11,0.84
0.47,-7.4,4.83,0.82
1.77,-8.82,4.31,0.79
0.83,-16.69,3.28,0.74
0.14,-14.19,4.02,0.77
0.08,-13.71,3.77,0.72
0.01,-9.69,5.7,0.7
0.38,-8.86,4.5,0.69
0.23,-5.37,6.46,0.68
0.09,-3.64,8.55,0.67
0.78,-3.41,7.37,0.66
6.1,-6.3,3.89,0.65
7.51,-9.88,7.38,0.65
0.52,-19.3,4.2,0.59
1.64,-12.74,3.1,0.63
6.93,-8.12,1.46,0.61
5.33,-0.52,6.11,0.83
0.01,-6.37,7.6,1.31
12.64,-5.22,1.5,0.79
17,-0.41,1.14,0.81
20.28,0.84,5.12,2.75
1.73,0.17,4.63,2.3
0.21,-0.06,12.11,1.41
0.01,-0.13,12.53,1.26
15.32,2.79,1.44,4.84
0.48,-9.91,10.26,7.91
0.01,-15.57,6.66,2.91
0,-8.55,9.77,2.03
0.03,-2.76,14.91,1.78
0.69,-5.03,10.73,1.53
0.06,-3.43,9.59,1.34
0.05,5.83,17.31,1.96
9.98,2.05,1.35,7.04
0,1.05,13.24,6.49
0,6.17,15.56,7.61
0.02,9.59,19.66,14.78
0.03,4.92,17.09,13.49
0,7,20.5,8.49
0,4.73,14.02,9.56
0,2.37,19.49,6.21
1.38,1.85,9.48,4.35
0,-0.25,17.18,3.48
3.76,-1.92,7.46,3.02
8.06,1.01,1.14,3.25
8.72,1.44,1.98,3.52
5.59,1.67,5.75,3.25
3.65,1.01,7.6,2.77
8.38,-0.15,5.65,2.43
2.86,-0.13,11.74,2.19
0.17,1.25,13.6,1.98
0,3.33,19.15,1.95
0,4.5,19.35,2.18
0,5.42,20.8,2.51
0,5.82,24.47,2.87
0.01,5.03,20.01,2.97
0,5.25,25.62,2.83
0,7.65,24.37,2.7
6.29,5.45,5.47,3.65
1.32,4.55,20.86,6.67
4.91,3.3,16.19,3.71
0.41,5.65,18.95,2.69
2.2,9.71,11.79,3.16
13.15,10.43,9.98,9.18
1.42,11.47,14.76,6.94
0,13.05,22.18,4.91
0.27,14.1,22.98,4.28
0.84,11.3,10.25,3.81
4.39,12.27,27.05,3.05
0.63,3.03,20.36,3.16
0.27,-1.93,25.11,2.39
0.1,-0.12,24.86,2.02
5.55,5.9,5.01,1.9
2.78,7.44,3.22,2
9.17,6.98,1.9,2.37
4.12,4.5,3.26,4.01
0.08,6.26,27.55,2.89
0.35,9.76,30.93,2.21
1.09,8.28,22.13,1.97
0.02,7.79,25.52,1.81
0,11.17,34.31,1.66
0,11.66,33.27,1.53
0,12.43,33.26,1.42
5.36,12.78,9.82,1.38
7.68,15.05,6.11,1.5
0.02,19.22,28.48,1.53
14.17,19.74,20.38,1.54
0.89,17.73,24.59,1.66
5.15,15.67,14.46,2.09
12.92,14.08,3.42,4.77
1.86,13.71,5.8,2.96
20.6,11.4,2.27,5.4
1.76,13.42,18.29,9.64
0,13.96,24.49,4.06
0.84,16.31,24.15,2.79
2.6,15.42,27.03,2.27
0.53,17.6,31.34,1.92
0,17.46,32.97,1.83
1.14,13.4,14.94,1.6
30.18,14.92,5.69,1.72
3.79,6.89,20.2,2.98
0,6.25,28.73,2.11
0,13.61,30.9,1.68
0.04,15.84,19.44,1.43
0.37,13.59,14.04,1.36
8.54,14.15,12.39,1.29
7.93,16.58,5.82,1.24
0,12.14,42.32,1.19
0,15.68,31.46,1.04
11.4,13.79,5.68,1.31
10.56,9.34,5.59,1.6
4.11,9.13,2.47,1.65
0.52,15.11,19,1.38
0,16.45,25.33,1.14
12.56,18.36,11.92,1
7.77,9.45,30.29,3.45
0.5,9.45,28.85,1.92
0.49,12.3,25.97,1.39
7.63,12.61,16.45,1.18
0,13.89,28.06,1.05
0,17.02,28.32,0.95
5.87,17.12,9.89,0.94
10.93,15.4,20.48,1.01
1.79,6.66,23.2,1.2
0,10.73,28.02,1.05
15.48,13.34,4.83,0.93
2.15,17.84,14.4,0.97
4.09,15.48,15.93,1.04
1.29,12.44,22.08,0.96
0,14.42,26.78,0.82
13.55,10.46,1.8,0.8
10.02,10.63,7.51,0.98
0.62,11.72,17.04,1.45
5.97,15.85,4.84,1.08
5.12,17.35,4.81,1.09
0.75,20.85,22.49,0.97
0,19.11,30.11,0.82
0.25,17.52,27.98,0.74
0.97,11.56,24.08,0.7
0.01,11.68,22.86,0.68
6.68,12.87,15.23,0.68
12.5,11.62,2.18,0.88
12.4,13.78,2.99,0.92
0.66,14.2,18.75,2.13
0.28,16.57,19.34,1.19
0.17,17.93,19.63,0.91
1.3,19.42,18.13,0.8
1.35,18.1,14.18,0.73
2.92,18.24,7.36,0.69
1.6,16.56,23.96,0.7
0,16.51,28.54,0.67
0.02,18.51,22.17,0.61
0.25,20.62,24.45,0.59
0.83,22.04,21.8,0.56
15.7,21.38,12.75,0.54
4.36,17.88,3.26,0.76
0.23,19.09,10.31,0.81
8.49,17.87,3.34,1.19
8.51,15.01,3.79,2.27
1.43,14.23,4.67,1.24
6.97,16.81,6.68,1.29
11.73,18.5,13.86,3.18
14.71,18.67,5.27,1.83
0.3,16.91,21.04,1.29
0.12,16.86,19.1,0.97
1.54,18.51,14.44,0.81
28.65,17.06,2.86,0.97
17.35,18.05,4.2,1.37
7.59,17.39,9.27,1.36
0.38,18.51,14,2.07
10.6,17.8,17.7,1.33
0.08,14.09,19.53,1.09
0.1,14.94,18.55,0.93
0,15.9,20.44,0.84
0.17,17.08,14.95,0.78
11.7,17.95,3.11,0.77
0.47,19.12,11.91,0.78
12.12,17.3,1.64,0.72
1.91,16.7,9.03,0.71
0.78,16.44,11.1,0.69
2.33,16.65,11.14,0.65
2.46,14.03,18.25,0.66
8.81,12.75,12.87,0.61
17,11.37,8.46,1.01
6.01,9.79,11.85,2.21
0,13.49,19.51,1.69
16.13,15.05,8.38,1.41
0.18,8.51,23.08,1.69
0.02,6.97,17.65,1.25
0,10.48,18.33,1.06
0,13.04,18.29,0.94
0,14.41,20.45,0.86
0,15.77,19.2,0.83
0.29,12.95,6.8,0.77
0.34,12.1,8.27,0.76
7.01,13.04,5.81,0.73
0.69,14.49,14.2,1.14
0.55,10.05,14.37,0.91
0.01,8.54,16.79,0.77
0,10.42,18.18,0.7
3.83,12.69,17.38,0.66
13.88,15.6,3.27,0.64
4.81,17.37,7.34,0.65
0.7,11.4,23.64,0.66
0.05,5.77,21.11,0.6
0.81,6.07,14.77,0.58
14.65,4.46,10.37,1.02
0,5.81,12.06,1.34
0,8.71,13.98,1.04
0.01,10.75,9.13,0.84
2.78,10.3,4.38,0.78
3.31,9.78,7.6,0.88
0,9.43,18.4,0.91
13.54,10.96,0.99,0.91
0.54,13.2,10.28,1.62
0.46,10.66,14.6,1.18
0,10.54,12.51,0.97
0,7.61,17.64,0.86
0.04,9.52,17.75,0.8
9.93,14.67,4.14,0.79
10.91,17.75,7.86,3.37
3.59,13.63,14.89,3.8
4.22,10.02,3.41,2.63
8.84,10.32,7.76,1.94
8.24,10.95,4.62,1.91
2.7,5.47,13.29,2.11
8.12,2.67,9.58,1.92
0,0.51,15.39,1.76
0.01,6.84,14.92,1.56
0.57,6.32,7.54,1.58
0,-0.33,16.3,1.47
0,0.79,11.24,1.33
0.01,3.33,8.7,1.25
2.04,7.51,1.64,1.2
5.78,10.42,0.36,1.18
0.06,5.56,17.76,1.24
0.24,4,9.21,1.12
0.13,2.26,8.88,1.05
0.01,1.02,12.27,0.99
0,2.92,12.07,0.95
0,5.32,11.5,0.93
2,5.89,6.5,0.9
0.04,6.57,11.4,0.93
5.16,7.29,6.52,0.92
0,0.7,12.4,0.93
0,1.23,10.62,0.85
1.28,4.41,12.2,0.82
6.5,4.24,0.44,0.81
2.59,6.46,0.61,0.81
0.01,7.98,9.05,0.84
1.04,2.75,11.48,0.83
0,-1.52,11.76,0.81
0,3.29,7.38,0.77
3.64,1.93,5.72,1.25
0.01,-1.21,7.88,1.31
2.3,-0.56,7.04,1
0.01,-4.52,11.36,0.88
16.71,-1.41,1.5,0.88
0.01,0.31,5.95,0.93
2.65,1.85,0.23,1.02
9.66,4.94,3.24,2.48
0.27,-1.86,15.35,2.36
5.37,-3.46,2.26,1.53
0.07,-2.95,4.91,1.31
1.01,-7.71,7.98,1.15
0.01,-10.55,6.78,0.81
0.13,-4.86,9.24,1.08
0.05,-1.02,6.68,1.06
0.15,-0.35,5.35,0.98
0.99,-2.67,4.98,0.96
3.01,-9.16,6.19,0.85
2.92,-9.39,3.87,0.65
23.11,-4.5,2.57,1.06
0.32,-9.01,2.63,1.35
0.32,-6.24,3.1,1.01
3.8,1.66,2.78,1.67
0.41,-4.31,3.48,1.8
21.03,-3.03,0.94,2.41
4.38,-1.67,1.97,10.09
0,-3.76,4.32,3.72
1.49,-1.43,2.23,2.54
0.3,-10.82,3.97,1.93
0.04,-11.84,3.03,1.41
6.26,-7.54,4.33,1.38
30.74,1.5,1.78,5.32
0.71,-2.55,8.74,5.77
0.56,-5.95,5.59,2.97
0.61,-7.14,5.74,2.14
5.89,-7.13,4.34,1.86
1.18,-15.57,3.2,1.51
12.14,-13.41,0.74,1.14
2.67,-1.21,4.67,2.18
0.1,-9.45,2.75,1.77
0.76,-5.64,3.55,1.53
0.3,-17.05,1.91,1.17
0.63,-13.5,2.3,0.95
0.72,-6.28,2.65,1.4
0.4,-8.42,2.18,1.26
0.36,-6.85,1.18,1.17
10.08,-3.78,1.45,1.09
11.4,-0.83,2.44,1.1
0.58,-4.89,2.12,1.05
0.12,-11.29,1.71,0.86
0.02,-9.81,1.71,1.07
0.33,-5.84,1.75,0.88
0.09,-5.7,2.16,0.91
8.89,-0.95,1.25,0.95
0.8,-3.22,3.72,1.42
0.11,-9,2.3,1.05
0.01,-12.27,2.6,1.11
0.08,-5.53,2.42,0.96
0.17,-5.39,2.63,0.86
0.24,-7.54,2.34,0.79
0.04,-11.4,2.09,0.82
23.65,-5.72,1.67,0.79
5.22,-9.42,2.78,0.82
0.03,-11.82,2.81,0.83
0,-12.1,1.77,0.81
0.01,-8.57,3.17,0.86
2.94,-3.96,2.16,0.81
1.16,-10.69,2.25,0.74
0.16,-9.51,1.63,0.71
6.25,-8.12,0.46,0.7
18.18,-4.95,2.04,0.73
1.27,-7.36,3.23,0.72
0.99,-7.6,4.03,0.69
0.03,-6.25,2.84,0.68
2.48,-0.82,0.86,0.7
0.23,-9.88,5.07,0.68
0,-18.33,1.51,0.51
5.74,-15.41,0.88,0.77
4.62,-9.62,1.84,0.84
3.04,-12.56,2.49,0.71
0.21,-13.13,2.05,0.65
16.17,-10.74,1.29,0.64
9.68,-8.91,5.05,0.65
0.51,-17.93,3.68,0.66
0.33,-18.23,1.69,0.66
0,-19.13,1.72,0.66
0,-18.15,2.88,0.64
0.01,-15.11,2.09,0.61
0.21,-10.65,2.21,0.59
4.02,-10.4,1.94,0.58
6.81,-6.95,2.1,0.58
0.16,-9.72,3,0.57
1.13,-6.9,2.01,0.56
2.27,-2.52,3.11,0.54
1.08,-7.27,5.92,0.52
0.46,-17.01,2.86,0.5
0.83,-12.77,2.12,0.5
2.8,-5.53,5.2,0.5
2.26,-5.62,4.12,0.5
2.64,-7.83,3.05,0.5
0.06,-14.91,4.19,0.5
0.45,-13.94,6.24,0.5
0.14,-15.48,4.38,0.5
0.93,-18,2.89,0.5
0.04,-24.49,1.5,0.5
0.07,-25.95,1.45,0.5
0.03,-19.87,2.56,0.5
0,-15.53,4.9,0.5
0,-14.61,4.57,0.5
0.01,-14.21,4.29,0.5
0.08,-12.96,3.94,0.51
0.02,-11.08,4.44,0.51
0,-9.29,6.27,0.52
0.13,-8.01,6.95,0.52
0.64,-10.41,4.98,0.52
0.13,-10.06,4.29,0.51
0.05,-9.05,4.17,0.5
0.01,-6.11,6.21,0.49
0.04,-2.76,8.81,0.47
19.38,-3.75,2.1,0.46
6.12,-5.68,3.25,0.46
5.88,-6.5,3.78,0.45
0.19,-8.57,8.42,0.45
0,-9.75,8.04,0.45
0.21,-3.73,8.9,0.45
0.05,2.14,8.22,0.46
0,3.69,9.88,0.54
0.36,-5.38,5.08,1.08
0.06,-18,4.46,0.97
0,-12.34,8.64,0.69
0.19,-8.31,6.54,0.58
1.94,-4.94,5.1,0.54
0.52,-4.97,8.26,0.51
0.3,-5.32,11.74,0.5
2.66,-7.83,6.31,0.47
2.68,-6.31,6.38,0.47
0.45,-4.11,6.7,0.46
1.34,-3.57,7.13,0.46
2.63,-1.65,9.29,0.46
12.09,-0.64,3.48,0.47
2.88,1.27,8.08,0.56
0,2.31,13.06,0.7
0,4.24,14.73,1.02
0,5.7,20.73,1.61
10.86,2.78,4.26,3.04
0.54,2.55,7.1,3.79
0.1,2.86,6.07,2.87
0,3.65,14.1,3.25
0.32,4.92,11.18,6.25
35.86,6.91,0.62,33.87
16.43,-1.25,3.15,37.76
0.03,-1.19,14.56,19.42
0.68,2,7.95,12.95
0.66,4.04,4.02,8.09
18.58,2.79,1.75,10.79
10.12,3.4,0.74,19.42
5.72,1.65,1.13,23.73
1.19,0.68,7.03,16.18
0.02,0.93,12.62,10.79
1.14,5.1,15.87,7.01
0,8.28,19.54,5.61
4.36,7.25,12.47,6.26
0.33,2.89,15.23,6.15
0,4.05,22.38,4.82
0,6.25,22.85,4.41
0.11,3.65,4.99,4.4
2.75,4.38,2.04,5.91
0.27,8.59,5.42,8.49
0.4,13.33,13.51,7.95
0,13.59,24.07,8.07
0.07,15.16,20.82,7.22
0.03,9.27,29.13,6.24
0,7.58,20.8,4.26
2.87,5.88,7.71,3.87
0,4.99,30.21,3.36
0,4.91,28.44,2.76
0,3.39,28.03,2.43
10.33,-0.5,11.32,2.19
16.9,0.51,9.03,2.24
6.24,1.17,8.93,2.35
3.48,1.43,19.22,2.39
0.76,3.39,17.55,2.71
0,4.45,23.52,3.14
0,5.18,22.54,2.76
5.85,3.31,1.22,2.95
3.25,6.75,2.92,5.78
2.64,8.18,22.84,5.05
0.04,7.27,29.06,3.58
0.55,9.71,23.38,2.88
0,12.83,32.52,2.85
0.2,12.49,29.47,3.03
2.24,10.68,21.72,3.28
0,8.86,34.17,3.02
0,11.35,39.19,2.35
5.35,8.47,12.03,2.57
0,7.1,34.64,2.73
0.25,11.78,23.3,2.16
0.32,9.5,21.42,2.02
0,9.15,33.02,1.81
0,9.51,35.41,1.62
0.01,11.25,24.62,1.49
1.19,18.07,26.79,1.43
6.72,12.75,6.67,1.64
7.19,7.04,2.07,2.04
0.25,10.37,11.22,1.89
0,14.53,33.42,1.61
2.04,12.66,18.33,1.4
5.41,17.03,14.95,1.38
6.5,19.61,18.57,3.5
5.44,20.87,24.62,2.41
5.07,21.07,25.3,2.16
0.8,19.68,22.58,3.55
6.29,16.58,9.1,2.39
1.96,14.71,31.76,2.04
13.93,11.94,4.92,1.8
4.94,14.19,16.17,3.1
0.31,10.33,30.13,2.27
0.22,11.82,30.78,1.74
11.58,13.64,2.75,1.75
17.32,12.8,8.37,2.97
4.63,10.76,24.37,2.46
0.39,13.24,26.9,1.83
4.63,13.66,6.9,1.6
6.96,16.21,6.51,1.89
1.32,16.98,17.05,1.64
0.05,18.13,34.79,1.37
11.45,14.92,22.8,1.2
0,12.65,25.82,1.2
0,16.17,26.44,1.07
1.52,18.33,23.02,0.96
0.38,15.98,29.65,0.9
0,17.7,29.37,0.82
15.97,17.99,9.88,0.77
16.34,16.48,14.5,2.16
0,19.21,25.23,1.54
2,16.03,14.01,1.02
0.37,13.94,16.47,0.88
15.74,12.9,1.63,1.48
3.54,14.98,17.29,2.19
0.12,16.51,22.64,1.28
5.67,18.22,17.27,1.05
0.02,15.91,21.08,0.95
1.7,15.76,18.67,0.85
7.06,12.91,2.23,0.91
13.63,16.59,7.74,1.18
0.31,16.46,15.43,2.05
0.44,18.28,19.37,1.2
0,18.94,25.88,0.96
1.47,19.37,12.74,0.84
2.82,21.24,12.62,0.81
6.95,22,14.39,1.31
4.24,22.54,15.03,2.38
2.68,22.15,10.32,1.19
5.7,22.55,11.34,1.24
11.22,21.56,7.42,1.05
5.07,14.39,21.22,3.07
0.01,13.89,25.14,1.63
0.07,15.81,25.09,1.14
1.89,19.08,19.88,0.98
0.29,18.12,23.39,2.2
12.37,17.05,3.08,1.36
9.51,17.96,4.37,1.48
1.38,19.55,16.5,1.34
0.01,21.31,21.22,1.08
0.98,23.49,21.56,0.98
27.64,21.1,13.29,1.18
11.79,17.56,10.25,1.59
3.83,14.74,23.24,1.49
0.01,12.32,24.46,1.06
0,12.25,21.82,0.88
2.82,15.05,14.52,0.8
0,13.4,25.43,0.74
0,13.24,25.7,0.69
1.96,16.39,27.6,0.64
29.32,17.38,3.91,1.04
0.16,20.53,21.02,1.12
0.17,15.66,17.13,0.8
0,15.9,20.72,0.68
0.12,16.66,18.62,0.63
1.05,17.61,16.61,0.59
1.07,16.47,18.82,0.56
11.53,13.62,1.17,0.61
0.05,12.73,15.85,0.74
0,14.49,18.64,0.63
0,17,21.28,0.55
0,19.34,19.85,0.52
0.12,21.13,14.53,0.5
0,22.79,26.47,0.47
0.08,24.27,24.23,0.45
0.08,21.15,23.89,0.42
7.54,18.51,22.32,0.4
0.6,16.15,20.54,0.41
0.03,15.18,21.52,0.41
6.46,16.44,10.15,0.4
0.13,11.65,31.5,0.46
0.3,9.09,25.68,0.4
1.85,10.52,17.34,0.4
0,10.12,20.17,0.42
0,11.7,16.47,0.39
2.44,12.01,6.5,0.38
19.24,9.94,1.23,0.51
0,12.37,16.04,0.64
0.07,15.29,21.41,0.46
7.06,13.47,14.63,0.46
0.5,10.58,16.87,0.45
0.02,8.63,16.42,0.41
0,9.82,19.96,0.38
0,13.75,23.22,0.37
0,15.62,14.34,0.36
0.1,16.13,9.06,0.35
14.1,16.99,2.51,0.36
24.46,16.9,2.75,1.96
2.09,17.2,9.57,1.2
2.5,14.57,4.5,0.72
2.71,13.71,8.41,0.58
45.42,11.78,1.23,0.86
2.82,14.43,11.22,2.83
0.03,12.66,15.9,1.24
1.13,13.75,17.05,0.85
0.39,10.52,15.41,0.71
0.39,9.48,11.61,0.63
1.62,9.16,5.93,0.6
7.26,9.3,2.32,0.66
1.06,9.39,2.62,0.88
0.15,9.76,7.52,0.78
0.42,9.38,11.04,0.72
2.14,8.48,16.69,0.69
1.14,4.27,14.47,0.64
4.96,4.89,5.39,0.65
0,4.82,14.93,0.9
0.01,10.87,11.14,0.74
0,15.71,18.01,0.66
16.87,12.65,2.5,0.69
0.55,8.07,8.32,1.05
0,8.24,18.98,1.01
2.63,9.98,6.24,0.84
32.22,2.91,1.79,6.4
0,5.13,11.07,4.92
0,8.7,14.23,3.99
9.23,9.7,2.01,2.72
1.18,6.31,10.25,2.57
0.38,2.88,15,1.92
0.2,5.34,11.53,1.61
6.21,1.05,3.29,1.49
0,0.46,11.77,1.47
0,0.42,13.16,1.39
0,1.72,13.41,1.27
0,5.79,11.51,1.2
0,6.48,11.17,1.14
0.04,7.17,11.04,1.07
0.26,8.56,9.69,1
0.02,7.64,9.25,0.95
1.29,8.05,10.61,0.91
8.45,6.92,1.09,1.09
0.36,-0.15,13.27,1.74
1.16,0.86,5.03,1.24
0.22,4.82,9.7,1.1
11.43,4.35,14.17,1.5
0,1.03,11.89,1.51
0,1.64,8.89,1.2
19.63,4.68,0.6,2.72
0.66,1.78,10.53,3.62
0.58,1.18,10.01,2.24
2.9,1.1,5.35,1.83
0,1,9.98,1.61
0,-0.39,9.36,1.45
2.98,4.34,0.22,1.38
1.83,10.06,5.72,1.53
5.18,6.59,7.1,1.5
4.26,-5.16,14.08,1.43
0.31,-5.49,10.78,1.26
1.13,-0.11,4.13,1.19
4.18,1.8,1.78,1.69
3.32,-3.05,9.31,1.84
2.36,-3.69,8.78,1.43
0.31,-4.4,11.51,1.28
0.1,-0.83,3.88,1.17
1.06,1.57,3.51,1.13
0.01,-1.36,6.91,1.1
0,-0.97,6.59,1.02
0.04,3.01,0.41,1
12.31,8.4,7.88,2.65
0.5,0.42,9.74,2.25
5.43,-1.28,2.08,1.65
0.53,-11.93,7.58,1.34
0.38,-10.09,6.18,1.08
0,-4.21,9.49,1.2
0.16,2.53,5.29,1.36
5.71,0.78,1.14,1.41
19.75,-3.17,1.68,1.68
0,-8.82,4.47,1.4
0,-8.65,7.74,1.15
0,-4.44,4.87,1.11
18.93,1.76,0.18,7.67
0.94,-0.94,3.71,6.88
0.89,-3.61,5.29,3.54
0.16,-6.45,4.97,2.54
1.47,-4.98,2.08,2.17
0.63,-8.28,2.77,1.91
1.05,-6.65,3.81,1.65
0.19,-8.74,3.33,1.48
0.74,-6.2,7.05,1.26
2.79,1.78,1.54,1.63
0.34,1.32,2.17,2.01
3.33,-0.28,0.73,1.91
1.49,-1.62,1.64,1.65
2.42,-1.84,2.58,1.49
1.62,-2.45,2.33,1.35
15.21,-3.58,3.44,1.27
8.35,-5.7,1.83,1.24
1.29,-9.62,2.39,1.17
0.19,-14.16,1.27,0.98
0.92,-10.95,1.47,0.96
12.68,-7.22,0.56,0.92
1.13,-2.72,4.03,0.88
0.07,-6.58,2.52,0.88
1.2,-5.74,2.11,0.86
0.36,-6.24,2.16,0.86
3.91,-0.34,0.94,0.86
0.36,-8.22,2.98,0.86
0.81,-10.6,2.49,0.81
0.57,-13.92,1.6,0.76
2.57,-16.74,0.98,0.7
0.25,-23.23,0.95,0.56
0.22,-13.92,2.48,0.56
0.5,-4.02,3.91,0.63
0.29,-12.49,2.96,0.6
0,-14.23,1.8,0.58
4.83,-8.41,0.7,0.56
1.23,-14.73,5.36,0.54
0.14,-21.81,1.3,0.54
0.05,-24.81,0.74,0.52
2.47,-18.2,1.07,0.52
2.9,-11.73,2.05,0.52
0.04,-16.9,1.71,0.53
0.03,-16.57,2.27,0.54
0,-8.45,3.5,0.55
1.01,-7.31,3.81,0.55
0.08,-27.99,0.73,0.53
0.05,-22.52,1.6,0.54
0.13,-10.04,3.39,0.54
0,-3.73,4.52,0.54
12.11,-0.09,0.72,0.69
1.35,-2.05,3.5,2.88
3.56,-5.5,1.21,1.83
1.57,-1.52,4.87,1.35
0.19,-11.72,3.1,1.05
0,-13.31,3.52,0.79
0.67,-9.02,3.21,0.65
5.96,-2.62,4.3,0.58
17.12,-7.17,2.94,0.56
0.2,-18.13,2.26,0.55
0.09,-18.02,1.65,0.53
0.16,-15.23,3.01,0.51
0.26,-4.19,3.77,0.5
0.03,2.93,5.37,0.7
6.01,3.23,1.35,1.94
7.63,-2.22,2.59,3.47
0,-15.2,4.95,2.1
15.35,-11.25,0.62,1.5
0.15,-19.6,1.98,1.19
0.27,-20.49,2.7,0.98
0.24,-18.75,2.46,0.86
2.5,-13.75,4.47,0.76
0.14,-13.79,4.05,0.7
0.96,-10.17,4.94,0.67
0.02,-13.27,4.5,0.65
20.91,-8.66,1.93,0.65
8.51,-9.5,4.57,0.65
0.64,-13.7,5.16,0.67
2.02,-5.09,3.93,0.67
1.95,-1.95,3.96,0.7
0.14,-6.63,4.86,0.73
0.39,-5,6.02,0.7
0.12,-4.38,8.9,0.67
12.09,-0.04,5.07,0.74
2.11,-11.79,5.33,0.8
0.01,-11.79,7.5,0.77
4.58,-1.84,3.06,0.7
0.1,-8.33,7.53,0.68
0.66,-10.82,5.75,0.64
0.07,-11.24,6.2,0.63
0.1,-10.67,7.19,0.6
0,-10.06,6.45,0.59
0.19,-7.3,5.79,0.58
0.5,-10.27,5.85,0.58
0.06,-10.42,7.47,0.57
1.07,-6.29,6.64,0.56
3.08,-6.74,2.24,0.54
0.02,-11.39,7.64,0.52
0,-7.93,10.23,0.52
1.34,-2.53,9.6,0.52
0.01,-6.26,8.8,0.52
6.09,-1.11,6.01,0.52
4.07,-3.01,8.73,0.65
0.02,-11.12,11.83,0.85
0.02,-11.05,7.53,1.05
5.24,-2.52,3.1,0.61
1.88,-2.05,6.06,0.59
2.35,-3.73,8.15,0.57
1.65,-3.5,8.34,0.56
0,-5.02,10.26,0.64
0.78,-3.88,12.44,0.55
0.33,-5.57,10.07,0.54
3.28,-12.31,6.02,1.08
0.13,-17.97,6.31,0.93
0.03,-13.08,6.82,0.56
0,-5.72,15.93,0.5
1.68,1.98,8.54,0.55
0.27,1.4,8.46,0.77
10.81,4.75,-0.16,5.39
4.52,1.96,1.77,10.39
0.51,-3.18,9.38,6.24
0,-1.75,15.13,3.11
0,1.91,15.55,2.85
0,2.03,13.07,3.72
0,2.6,14.07,3.73
0,3.96,16.4,3.88
0.39,3.71,4.36,4.94
9.91,6.35,1.71,8.61
8.41,4.74,3.13,14.13
0.01,4.84,13.83,10
0.06,2.54,4.47,7.22
0.28,2.73,4.2,5.35
0.01,4.41,23.34,4.38
0.39,3.59,16.09,4.02
4.56,2.9,11.9,3.44
0.19,2.09,17.31,3.36
0,0.57,17.71,3.03
0.07,1.56,18.5,2.69
3.42,0.87,7.4,2.54
20.52,-0.85,5.21,2.37
5.37,1.13,15.83,2.18
2.2,3.13,9.92,3.05
0.02,-1.08,18.07,4.01
1.57,-2.32,15.59,2.87
1.06,-0.69,16.67,2.32
3.61,-0.8,9.46,2.07
1.77,1.35,15.41,1.9
8.59,1.47,0.64,2.38
5.26,1.79,6.78,3.28
1.9,4.75,22.87,2.89
0.03,4.98,19.07,3.31
17.77,4.84,5.69,5.75
23.09,3.85,4.45,40.24
5.7,3.94,6.93,11
4.94,3.09,4.5,7.57
5.21,3.45,6.88,5.77
0.14,4.57,22.14,4.66
0,7.32,20.4,4.08
0,12.16,30.83,3.88
9.11,12.04,11.74,5.06
0,9.99,30.33,5.6
0,9.11,28.41,4.66
0,10.44,26.46,4.33
0.62,7.12,7.85,5.36
7.77,9.83,6.39,5.5
0,10.4,26.59,6.36
9.65,12.94,29.23,4.94
0,8.15,29.05,6.31
0,9.99,28.53,3.94
2.25,13.28,24.81,3.83
3.05,14.02,8.87,4.68
4.49,12.74,4.2,4.12
3.11,11.2,2.43,4.34
2.11,12.67,3.51,5.04
1.25,14.8,14.02,3.89
1.47,15.41,13.1,3.14
0.03,16.4,23.39,2.97
0.56,15.11,23.89,2.6
24.37,6.82,1.78,4.55
4.68,6.52,10.72,6.19
0,13.1,23.8,4.21
0.01,17.41,31.09,3.16
0.12,16.55,26.08,2.59
8.51,11.84,5.51,2.3
2.26,14.75,24.06,2.25
0,11.05,32.77,1.98
1.6,7.36,22.41,1.73
4.56,8.24,15.36,1.62
0.72,9.65,22.58,1.48
7.13,11.71,18.37,1.35
1.67,10.89,30.13,1.45
0.05,10.18,35.5,1.32
0,8.62,27.93,1.15
0.03,8.51,24.95,1.07
0.45,7.19,15.57,1.01
0.03,11.89,27.17,1
0.08,18.47,30.66,0.93
0.01,21.34,31.27,0.85
0,22.71,35.67,0.79
0.43,23.93,34.12,0.72
12.77,20.89,20.81,0.68
13.77,15,2.88,0.71
0.01,16.05,25.13,0.73
0,18.28,32,0.65
0.18,21.04,34.38,0.6
0.25,19.67,29.54,0.56
9.36,18.75,14.5,0.54
12.76,13.62,21.62,0.97
0.01,10.69,26.31,0.8
5.1,12.95,13.31,0.73
3.03,13.91,16.22,1.5
0.48,12.41,18.84,1.02
2.48,15.09,28.26,0.8
1.83,11.23,26.07,0.87
10.21,9.02,7.1,0.8
11.16,8.95,7.32,1.54
2.83,9.27,5.57,1.56
0.19,14.79,21.89,1.26
0.09,18.2,23.35,0.92
0.04,20.04,25.46,0.76
0.08,21.76,20.42,0.68
1.74,23.35,21.94,0.64
0.48,24.4,23.9,0.59
0.8,25.08,26.04,0.56
1.35,23.9,23.68,0.54
13.05,22.22,16.9,0.52
0.88,20.38,21.43,0.5
0,18.45,26.14,0.49
16.31,19.4,16.96,0.46
0.07,15.82,25.22,0.63
5.32,18.06,10.36,0.53
18.76,19.84,2.54,0.5
2.06,20.85,22.44,0.68
3.44,19.39,6.87,0.54
0.08,19.42,17.41,0.5
56.8,15.65,1.47,0.58
3.98,17.31,13.46,2.6
0.37,18.6,16.11,1.2
15.74,16.1,4.52,0.93
4.26,17.17,7.88,0.91
8.78,18.32,12.5,0.87
14.31,18.43,4.22,0.85
10.58,18.1,7.7,1.4
0.46,19.21,16.22,1.04
0.29,22.51,21.02,0.72
4.35,19.86,7.85,1.28
0.18,19.88,17.83,1.63
0.02,21.87,19.71,0.88
0.06,24.08,20.27,0.68
1.07,24.4,19.59,0.59
1.12,23.79,17.8,0.54
3.34,23.16,18.41,0.52
4.02,20.11,11.92,0.54
1.77,19.13,13.7,0.63
0,21.7,22.1,0.68
0.64,22.11,18.63,0.55
0.04,22.4,17.39,0.51
0.14,22.27,22.68,0.47
0.81,22.95,22.81,0.44
30.89,21.9,6.71,1.06
13.89,21.18,9.69,3.31
5.93,15.21,3.75,1.43
2.47,17.57,13.84,1.66
5.5,13.38,21.4,1.46
0,12.19,21.42,1.12
0.24,13.87,16.64,0.9
6.7,11.54,11.07,1.08
0.03,8.35,13.05,1.21
0.01,9.73,15.97,0.94
10.71,9.47,3.34,0.83
10.29,13.88,3.77,1.28
1.83,17.11,12.34,1.08
0.51,17.26,20.35,0.88
3.38,19.84,10.58,0.79
59.2,16.97,0.87,1.82
10.42,13.21,12.78,7.61
0.24,12.58,14.73,2.96
0,13.28,16.29,1.9
0,16.22,18.67,1.47
0.17,16.92,15.59,1.24
10.2,13.11,4.83,1.13
3.99,12.61,10.79,2.09
0.57,7.3,18.19,1.67
0.48,8.58,16.43,1.29
0,12.25,18.45,1.09
0.01,14.05,17.4,0.97
0.02,15.61,24.79,0.88
0.84,10.6,20.64,0.8
0,10.57,15.79,0.78
8.24,12.06,3.7,0.73
3.72,9.34,14.96,0.72
0.23,6.4,15.42,0.79
0,7.4,17.17,0.72
4.25,10.19,13.41,0.66
5.25,13.01,1.61,0.8
0.37,14.12,9.35,0.91
5.44,14.72,4.43,0.76
5.28,14.85,11.59,0.85
0.14,9.28,18.95,0.88
6.69,10.02,1.44,0.83
0,9.47,17.07,0.74
0,9.89,17.31,0.66
0.04,8.83,12.91,0.63
0.04,9.94,18.26,0.59
2.26,7.73,11.3,0.58
0,5.43,15.69,0.57
0.01,9.82,9.46,0.56
0.01,15.45,12.65,0.55
5.04,16.91,14.23,0.55
0.67,8.42,15.43,0.58
0.01,6.74,13.69,0.58
1.97,3.71,6.94,0.56
1.88,2.82,8.12,0.61
0.07,1.05,10.26,0.63
2.8,0.23,8.05,0.58
3.3,0.18,6.75,0.63
2.71,3.15,3.28,0.66
11.29,5.12,4.08,1.41
0.97,1.29,13.21,1.49
1.15,-1.08,9.85,0.99
0.03,1.12,11.18,0.83
0.01,5.55,8.89,0.78
0.12,6.3,4.77,0.73
1.06,9.25,1.88,0.71
14.78,10.07,1.8,1.07
0.01,2.75,13.96,3.43
0,-1.04,13.2,1.75
0.26,0.18,12.51,1.29
26.27,1.53,2.63,1.33
3.16,1.78,2.39,3.09
7.54,4.11,0.83,2.17
0.17,2.33,7.73,2.29
0.05,1.57,9.64,1.73
0.02,0.67,7.27,1.43
5.61,1.91,5.87,1.29
0.57,-0.27,9.06,1.5
0.8,-1.93,9.03,1.27
0.01,-2.94,10.41,1.13
17.27,-1.05,0.9,1.07
33.34,2.03,0.92,12.51
4.4,-1.14,5.42,5.46
0.21,0.49,6.89,3.16
3.88,6.34,0.96,3.45
17.03,9.16,6.47,14.24
8.01,4.28,1.2,6.65
3.36,1.58,6.25,5.08
1.85,1.48,2.96,3.98
2.63,3.48,6.24,3.32
0.45,0.63,12.79,3.2
0.01,-2.75,9.44,2.63
13.42,-0.6,1.34,2.73
1.74,2.64,5.72,4.28
1.27,-0.2,6.13,3.15
0.52,1.21,4.57,2.54
11.63,4.31,1.81,4.07
0.52,-1.08,13.78,3.95
0,-2.34,9.32,2.79
25.34,-1.21,2.38,2.47
11.12,-2.42,5.79,3.58
0.27,-5.56,4.99,2.69
0.05,-6.96,4.47,2.17
0.07,-7.84,5.48,1.97
0,-6.97,7.36,1.61
0,-0.87,7.02,1.67
1.6,1.83,0.82,1.96
20.35,1.86,0.37,3.43
2.48,-4.27,6.57,3.67
0.49,-3.92,4.06,2.44
0.48,-3.66,4.38,2.1
1.28,-5.45,3.68,1.84
1.02,-0.55,4.35,1.69
1.95,-9.61,6,1.48
0.27,-14.78,2.57,1.15
0.07,-10.03,2.15,1.2
0.2,-2.34,3.21,1.54
0.36,-6.84,4.41,1.32
0.44,-11.78,3.86,1.08
0.56,-16.64,2.49,1.06
0.57,-22.41,1.34,1.04
0,-24.49,1.98,1.06
1.65,-14.65,1.01,1.08
1.89,-4.4,2.22,1.19
5.54,-4.59,4.17,1.24
0.23,-21.02,1.07,1.14
0.05,-19.2,1.79,1.08
0.03,-16.93,1.99,1.02
0,-13.37,2.9,0.99
0.73,-2.89,4.27,0.97
0.22,2.13,5.78,0.97
0,-11.45,5.9,0.97
4.01,-9.73,1.4,0.97
12.79,-1.85,2.93,0.97
3.33,-2.19,5.3,0.97
0.62,-12.76,5.03,0.86
2.9,-12.46,2.63,0.79
15.79,-0.44,2.46,0.78
0.53,-13.18,3.44,0.78
0.12,-14.96,2.56,0.77
1.42,-10.97,3.24,0.76
0,-15.79,4.46,0.73
3.17,-7.29,0.65,0.71
0.85,-10.25,2.43,0.69
0.2,-24.78,0.65,0.67
0.26,-23.45,0.97,0.65
0,-18.17,3.02,0.63
0.16,-11,1.55,0.61
4.4,-0.94,3.54,0.61
0.3,-8.93,8.5,0.6
0.02,-12.62,3.41,0.59
0.74,-13.04,3.14,0.6
3.96,-10.04,1.01,0.61
1.4,-7.74,5.72,0.63
0,-9.88,6.94,0.65
5.37,-0.57,3.96,0.67
1.52,-5.56,3.09,0.68
2.94,-7.69,2.11,0.69
0.77,-4.46,3.94,0.66
3.96,-2.95,1.58,0.65
6.54,-4.55,1.04,0.64
0.84,-20.08,2.08,0.59
0,-14.36,4.55,0.59
0,-3.76,7.23,0.57
0.13,-1.95,4.99,0.56
0.06,-13.54,3.19,0.55
13.06,-8.65,0.83,0.52
0.7,-7.79,2.95,0.54
0,-7.99,4.65,0.53
0.07,-2.85,5.34,0.53
2.78,-1.69,1.53,0.53
2.08,-1.32,8.08,0.54
0.12,1.55,5.4,0.86
2.2,-9.21,3.96,0.97
2.4,-9.93,1.45,0.79
0.25,-18.63,2.34,0.76
0.27,-16.77,3.62,0.65
2.62,-12.04,2.71,0.58
2.88,-11.04,2.14,0.51
0.53,-12.46,4.87,0.47
1.02,-17.02,4.08,0.45
0.28,-17.27,4.03,0.42
1.34,-10.65,5.38,0.42
1.24,-9.74,5.34,0.41
1.29,-10.86,8.74,0.4
5.98,-0.96,3.71,0.4
9.29,-2.64,1.2,0.4
0.83,-9.39,5.97,0.4
0.01,-20.9,3.1,0.4
0,-20.66,3.21,0.41
0.06,-13.59,5.67,0.42
0.07,-7.43,6.36,0.43
32.2,-0.65,0.23,0.86
3.98,-0.3,3.23,2.37
0.1,-9.63,5.26,1.94
0,-15.57,5.21,0.91
1.86,-14.23,3.23,0.65
0,-13.61,7.67,0.55
0.19,-10.25,7.62,0.52
0,-9.2,7.65,0.49
1.33,-7.62,8.3,0.47
0.12,-12.52,8.39,0.45
0.16,-13.67,6.77,0.44
2.2,-10.58,4.55,0.43
4.94,-2.67,1.7,0.43
0.06,-14.48,6.3,0.42
0.01,-22.31,3.19,0.41
0,-16.51,7.22,0.4
0,-11.05,11.18,0.39
0,-8.67,9.77,0.38
0.39,-4.3,10.78,0.39
1.47,-6.35,5.51,0.4
0,-11.23,11.09,0.41
0,-2.46,11.91,0.43
1.09,3.65,7.92,2.73
0.16,-3.05,13,2.28
1.02,-3.7,9.74,1.01
14.07,-2.7,2.79,0.83
0.19,-9.46,8.84,0.76
0.99,-8.38,12.93,0.67
5.7,-3.69,8.18,0.63
0.01,-10.21,10.52,0.59
0,-8.23,14.41,0.57
6.03,-4.61,9.37,0.56
10.93,0.79,7.54,0.6
0.38,0.68,10.51,1.49
0,3.74,17.91,1.98
2.07,8.64,9.34,5.56
5.75,4.68,8.98,17.48
21.98,-2.46,4.91,4.13
9.53,-2.2,1.89,2.28
5.64,-1.18,8.09,2.07
0,-1.98,15.35,1.6
8.27,-0.39,3.12,1.58
5.8,2.32,1.41,2.95
18.86,6.9,12.15,9.4
24.69,3.82,0.61,18.23
8.34,1.34,14.64,11.44
3.54,-2.29,11.9,4.98
0.01,-1.08,16.8,3.28
2.63,-2.97,15.45,2.82
0.17,-4.34,14.99,2.24
0.13,-3.35,16.35,1.93
0.25,-1.32,16.9,1.8
2.38,-0.09,14.35,1.78
6.07,1.28,10.78,1.98
12.41,0.71,2.71,2.36
0.07,3.58,17.26,2.77
4.74,3.55,5.64,4.7
0.07,1.91,22.11,3.93
2.48,0.54,16.46,3.04
0.49,2.4,21.32,2.33
0.89,-3.43,20.31,2.3
0.37,-3.63,17.99,1.76
0.7,-1.55,17.8,1.63
0.02,-0.17,24,1.52
0,3.6,22.96,1.59
0.01,1.48,17.86,1.75
0.01,0.39,14.83,1.63
0,5.28,22.34,1.46
0.45,6.17,3.75,2.33
1.03,10.71,20.83,4.39
26.57,5.2,0.29,21.58
5.86,4.23,9.72,10.12
0.47,6.5,23.71,6
1.29,9.03,20.8,5.15
32.07,9.69,2.71,22.65
0.53,10.1,23.22,7.01
4.45,5.28,13.29,4.85
0.37,5.48,13.43,4.1
1.75,7.32,14.01,3.67
17.5,6.65,0.81,7.21
24.3,9.65,3.53,23.84
1.45,10.97,12.51,9.83
1.95,11.21,14.57,6.42
0.09,12.26,21.92,5.06
0.32,13.63,23.38,4.42
0.06,15.17,26.29,4.06
0.15,18.02,27.32,3.79
0.01,18.03,27.03,3.51
0,19.55,31.18,3.28
11.57,16.3,15.64,3.51
2.1,9.73,12.43,4.08
0.01,12.81,19.59,3.14
10.74,10.64,2,2.86
0.04,14.91,22.19,2.82
8.16,17.44,15.02,2.85
2.02,13.33,18.97,3.96
2.79,7.37,24.45,3.41
0,12.54,30.28,2.71
8.41,13.71,7.42,2.28
3.83,14.76,2.38,2.13
1.44,17.08,7.78,2.08
19.54,15.51,3.18,4.01
0.71,16.57,20.15,5.87
12.37,14.71,7.82,3.56
0,14.6,23.96,3.04
8.52,12.34,1.88,5.01
1.76,14.71,13.57,4.95
5.48,14.14,7.41,4.4
2.99,12.83,9.38,3.99
20.76,9.61,2.81,4.56
6.69,10.48,16.7,5.02
0,11.42,29.18,4.11
1.12,11.08,7.94,3.05
0.12,12.66,17.75,2.63
11,9.34,4.85,2.34
10.69,9.46,0.95,3.29
7.05,13.92,3.49,2.8
6.25,14.24,13.92,2.28
0.03,14.37,15.83,1.95
0.11,16.95,19.17,1.67
0.57,19.17,19.41,1.5
0.01,20.92,25.28,1.34
0.29,20.7,21.88,1.24
0.08,17.54,20.16,1.52
0,18.02,25.87,1.21
1.85,18.55,15.66,1.05
0.17,21.39,25.27,0.96
6.88,17.87,9.94,0.94
0.01,12.8,29.03,0.91
0,13.77,29.31,0.82
7.44,14.32,15.14,0.76
1.28,17.39,18.87,0.79
0.68,17.39,15.28,0.73
0.56,19.21,21.08,0.7
0.23,18.26,13.34,0.67
4.73,18.31,9.65,0.66
5.65,18.8,17.02,0.65
0.17,15.25,21.44,0.6
0.06,15.94,24.27,0.57
21.96,15.68,2.67,0.65
0.89,14.99,22.69,0.79
0,15.66,26.5,0.79
0.03,16.98,23.19,0.61
6.43,15.63,17.18,0.58
0.12,15.28,21.97,0.57
0.09,16.47,24.63,0.52
0.34,16.1,14.87,0.49
0.85,17.68,21.93,0.47
2.4,18.51,18.12,0.46
7.22,16.42,7.71,0.46
0.03,16.9,18.63,0.47
0.68,19.18,19.3,0.45
0.01,19.96,29.44,0.4
0,20.92,23.56,0.45
0.02,22.63,25.27,0.37
0.21,23.24,25.85,0.39
2.67,23.33,25.47,0.38
12.84,17.21,8.94,0.5
0.06,13.48,24.06,0.63
2.51,14.25,19.41,0.47
0.13,15.77,23.05,0.5
0.18,16.8,21.32,0.41
1.54,18.25,22,0.4
4.27,17.92,12.74,0.43
21.42,19.5,3.28,0.54
36.93,19.3,0.64,17.91
8.13,20.48,12.84,28.7
15.04,18.31,12.42,12.84
5.93,12.34,21.2,2.03
0.02,12.23,15.54,1.54
0.01,15.94,20.55,1.2
4.58,16.1,11.72,1
21.81,14.93,0.8,1.54
14.29,18.08,2.24,2.5
1.15,19.5,14.57,2.59
0.96,19.45,16.02,1.64
6.26,18.38,11.59,1.18
0.15,15.01,18.39,1.06
0,14.94,19.25,0.93
0,15.73,19.86,0.84
10.07,16.13,4.71,0.79
4.27,17.07,8.79,0.85
1.47,14.98,14.04,0.83
5.29,14.12,6.06,0.77
0,10.95,17.06,0.81
0,8.61,23.94,0.71
0,9.65,22.85,0.64
0,11.93,20.64,0.59
0.43,14.81,18.29,0.57
1.06,15.32,10.72,0.55
5.81,16.57,10.98,0.53
0.7,11.66,19.06,0.5
29.11,15.14,9.53,0.51
4.79,13.57,15.2,2.03
0,10.4,20.37,1.04
0,10.85,19.19,0.76
0,10.78,18.19,0.65
0,13.19,15.05,0.59
0.15,16.4,14.53,0.57
0.42,17.72,14.49,0.56
0.31,19.03,12.7,0.53
0.72,21.47,15.07,0.5
0.16,18.3,11.08,0.5
0.04,15.27,12.92,0.47
0,14.47,13.94,0.49
10.43,13.21,3.8,0.47
9.93,11.35,7.15,0.65
6.29,11.23,16.09,0.64
4.46,11.69,1.84,0.68
0.21,13.73,11.83,0.66
3.35,11.91,3.21,0.57
22.13,14.65,0.36,1.31
0.02,15.69,10.63,1.86
0.69,17.97,11.92,1.05
14.69,13.79,6.42,1.13
0.39,3.66,18.61,1.48
0,5.61,15.85,1.09
5.6,7.22,1.27,1.29
0.05,1.82,20.01,2.09
0,5.17,16.78,1.39
1.16,9.17,14.13,1.14
0,6.22,15.49,0.96
0,8.44,16.02,0.87
20.24,9.46,2.14,0.83
2.95,8.58,10.56,1.53
2.45,0.67,16.8,1.17
0.07,2.61,17.86,1.01
5.57,6.13,2.16,1.07
2.19,5.58,11.58,1.43
0.28,2.59,11.7,1.17
0.81,0.34,10.49,1.02
0,0.92,11.91,0.95
5.4,3.07,1.33,0.93
1.2,6.83,10.23,1.05
0.02,8.92,22.49,0.94
0,6.81,16.6,0.85
0.09,8.24,10.3,0.8
8.86,11.61,5.76,0.95
15.23,5.65,1.75,1.53
3.97,0.3,3.61,3.3
0.03,1.36,11.2,1.83
34.48,5.2,1.97,2.97
10.1,5.9,12.11,13.59
2.33,1.45,5.21,4.61
0,4.43,11.58,3.13
0,7.34,12.87,2.56
0,9.03,11.48,2.22
0.16,9.79,4.4,2.01
0.37,11.52,3.84,1.84
0,12.72,7.69,1.69
0.01,10.67,9.12,1.58
0,10.96,10.96,1.42
12.86,9.99,3.05,1.4
16.78,7.59,14.61,3.01
0.01,2.97,12.81,2.49
15.07,1.25,1.7,2.08
0.08,-5.19,11.5,2.16
0.05,-2.34,8.69,1.74
3.14,3.67,0.32,2.39
0.79,3.79,6.27,3.18
3.14,3.23,1.08,2.56
24.2,5.07,0.3,3.23
1.15,3.01,10.71,4.98
2.05,1.97,8.44,3.1
3.86,-0.97,10.47,2.62
0.02,-3.11,9.64,2.2
0,5.76,4.87,2.13
5,8.24,-0.03,2.47
28.13,11.12,1.83,11.65
0.3,-1.33,17.34,7.01
0.64,-3.07,6.52,5.18
0.83,-5.69,9.07,4.32
11.51,-1.73,2.66,3.56
12.88,-8.06,4.45,2.91
0.28,-12.54,3.07,2.57
1.22,-14.89,2.45,2.25
0.25,-15.99,2.61,1.87
2.11,-8.94,1.5,1.83
4.52,-2.58,2.32,1.73
0.37,-9.7,3.53,1.62
9.58,-1.35,2.68,1.51
0.45,-14.93,3.32,1.4
3.48,-11.47,2.48,1.35
0.62,-17.89,1.64,1.24
4.48,-17.59,2.28,1.19
6.21,-10.09,1.69,1.19
0.92,-18.21,1.66,1.19
0.02,-17.72,2.01,1.17
1.47,-10.24,2.11,1.29
3.86,-13.66,2.73,1.13
0.01,-20.79,1.06,1.08
0,-21.39,1.52,1.02
0.1,-15.9,3.35,0.99
0.43,-12.17,1.38,0.97
0,-18.39,1.71,0.93
0,-21.25,1.5,0.91
0.04,-23.63,0.81,0.91
0.45,-21.39,1.34,0.88
15.49,-15.86,1,0.86
0.71,-17.23,1.09,0.84
0.02,-17.66,1.18,0.82
0.07,-16.22,1.06,0.8
0.83,-15.69,1.36,0.8
0.31,-18.45,1.55,0.78
0.12,-25.67,0.5,0.78
0.01,-24.71,0.57,0.78
0,-20.64,1.47,0.78
0.23,-15.02,1.26,0.78
2.63,-11.95,1.84,0.78
0.44,-22.65,1.09,0.8
0.78,-16.48,1.17,0.8
0.03,-20.88,1.22,0.76
0,-16.79,1.44,0.7
7.89,-4.95,0.45,0.73
4.55,-3.89,4.7,1.19
0.11,-9.52,3.12,1.35
0.04,-4.52,2.61,1.4
2.7,-0.69,2.78,1.15
2.07,-5.29,4.56,1.13
1.2,-8.93,2.47,1.11
0.71,-10.61,1.83,1.07
0.14,-3.69,2.95,0.94
0.1,-4.02,3.29,0.82
3.53,-2.1,1.06,0.77
4.25,-3.77,2.45,0.71
1.38,-5.08,2.59,0.69
0.85,-12.5,2.92,0.67
0.23,-19.68,1.51,0.64
1.78,-12.01,0.67,0.65
1.28,-2.93,2.55,0.65
2.53,-0.01,2.58,0.65
7.37,2.8,2.89,1.62
1.4,-10.49,7.52,3.24
0,-11.88,2.48,2.7
9.19,-11.4,1.23,1.62
3.57,-11.31,0.94,1.4
0.53,-7.3,4.06,1.19
5.39,-2.99,1.14,1.08
5.43,-0.42,2.48,0.99
18.05,0.45,1.41,4.1
0.6,-5.15,7.02,2.7
0,-4.69,7.54,1.94
11.76,-6.73,1.7,1.62
29.03,-4.7,4.38,1.51
0.01,-6.35,4.48,1.4
0.29,-2.33,6.42,1.29
2.86,-4.04,5.92,1.19
0.08,-14.6,4.04,1.13
14.22,-12.36,0.77,1.08
0.1,-13.83,2.92,1.04
0.5,-7.41,2.15,1.01
0,-3.67,4.37,0.97
0,-1.27,7.76,0.97
0.62,1.36,4.79,1.23
8.55,1.01,2.18,2.91
0,-6.88,10.34,2.97
0,-9.72,5.93,1.76
0.76,-6.89,3.9,1.46
0.48,-4.56,6.22,1.19
15.26,-11.23,1.48,1.1
13.94,-5.44,0.87,0.99
2.08,-8.68,6.35,0.99
0.01,-16.2,4.35,0.99
1.28,-7.83,8.66,0.99
1.69,-16.9,5.71,0.99
0,-11.09,7.1,1.14
5.31,0.34,9.34,1.34
5.69,3.77,2.96,5.89
5.55,-8.82,5.42,4.89
0.81,-15.5,3.53,2.59
0.05,-20.49,3.09,1.82
2.33,-13.95,3.43,1.74
0.78,-12.3,5.96,1.97
0.18,-11.84,5.93,1.68
0,-1.67,13.28,1.35
0.03,-1.95,9.83,1.19
0.37,-10.15,6.95,1.02
0,-15.12,6.12,0.97
0,-15.79,6.31,0.95
0,-15.69,6.39,0.95
0,-9.46,10.33,0.97
0,-1.8,10.98,0.97
0.01,1.8,13.49,0.92
0.03,2.17,13.07,1.23
5.37,1.55,8.16,1.5
4.6,3.25,1.06,2.13
1.49,2.51,2.9,4.75
0.03,6.47,5.53,8.76
0.31,5.16,5.68,14.67
18.52,9.06,2.97,25.14
4.19,2.6,9.44,27.94
1.09,0.31,15.38,14.02
17.64,1.67,9.79,9.71
9.33,-0.92,10.06,4.32
0,-0.18,17.04,3.75
1.04,-0.41,14.78,3.88
0.2,-8.89,10.61,3.27
0.05,-6.17,13.77,2.69
1.46,-7.36,12.71,2.42
0.07,-12.96,9.43,1.88
0.12,-8.74,16.1,1.84
0,-7.91,12.46,1.76
11.87,-5.41,6.8,1.68
3.82,0.36,9.56,1.72
0,1.26,13.74,2.03
3.57,1.01,1.57,2.27
13.21,1.85,3.02,2.07
12.59,3.66,1.09,11.33
4.07,0.79,10.58,7.42
3.54,-0.91,18.51,4.06
0.55,-3.45,18.49,3.09
0.42,-4.12,15.73,2.57
0.84,-0.24,16,2.29
11.4,2.05,3.49,2.46
13.5,1.01,7.5,7.85
1.23,-3.09,14.41,4.62
0,-2.92,16.57,3.12
0.26,1.3,17.27,2.72
10.14,2.01,1.02,3.15
0.05,3.44,21.75,3.4
9.42,1,6.28,3.61
0.33,-3.15,22.31,3.48
0.01,1.28,21.41,2.61
1.69,5.01,14.81,2.5
9.72,5.76,6.12,3.93
0.05,7.68,22.82,4.22
0.03,6.98,19.61,4.21
0,7.73,20.46,3.85
5.27,5.38,0.5,3.71
0.17,11.64,9.19,4.54
0,18.02,27.8,7.15
0.76,17.12,25.85,6.9
0.07,7.88,17.91,5.7
0.97,10.29,9.56,4.81
0.26,12.18,8.6,5.2
0,7.23,37.3,4.25
0,6.38,31.56,3.13
0.42,8.14,30.17,2.63
19.22,1.94,1.33,2.86
1.89,3.57,11.83,2.73
5.2,4.34,9.01,2.47
4.23,6.4,17.67,2.9
0.1,13.1,23.53,2.69
14.05,12.31,5.17,3.62
7.94,7.23,21.64,13.59
0,7.59,30.1,5.52
37.8,5.91,1.78,6.43
0.03,10.76,26.88,12.08
8.6,10.98,14.56,5.59
0.17,12.43,18.67,4.26
15.1,7.8,7.34,3.65
7.9,7.42,7.13,3.56
3.73,5.33,9.64,3.1
1.12,6.12,9.4,2.87
10.07,3.95,4.53,3.07
1.84,3.2,9.34,3.34
0.21,4.36,11.53,3
0.02,7.49,26.15,2.62
0,10.15,29.52,2.35
0.13,12.56,30.96,2.16
2.77,12.94,25.37,1.98
0.21,15.39,31.71,1.82
10.68,11.86,10.28,1.68
9.67,7.65,24,2.63
0,8.37,31.22,2.21
0,13.9,31.41,1.77
0,16.86,29.99,1.55
11.32,18.68,17.76,1.47
10.13,12.74,11.58,2.3
0.25,6.87,24.13,2.06
0.98,9.5,16.05,1.7
5.41,13.38,17.09,1.67
0.26,13.86,20.65,1.62
8.93,13.17,3.58,1.52
19.57,13.13,3.7,3.55
6.68,10.88,8.34,5.18
0,13.76,28.42,3.44
0,16.48,27.66,2.35
3.33,16.36,24.85,1.92
1.3,17.59,18.19,1.63
0.18,18.74,15.85,1.46
0.41,20.09,18.67,1.35
8.14,20.88,17.81,1.26
16.4,18.39,12.52,1.19
8.99,16.68,3.21,2.08
10.21,15.61,3.34,1.92
1.41,17.4,14.76,2.11
29.09,15.9,3.22,3.26
6.69,17.37,10.27,5.09
5.1,16.19,14.76,2.51
0,17.74,24.36,1.84
2.12,17.28,18.28,1.49
0.34,13.84,23.09,1.34
23.11,12.65,13.72,1.21
1.72,14.15,9.1,2.08
7.78,13.99,4.39,1.82
1.1,15.33,16.67,1.7
0,17.44,23.16,1.34
14.16,19.33,14.27,1.19
8,16.46,20.78,6.17
0.02,11.7,21.04,3.48
0,11.78,22.77,1.96
0.12,15.02,26.33,1.58
10.06,17.1,7.34,1.62
0.35,16.87,24.38,1.66
0,14.49,24.18,1.31
0.01,13.97,15.79,1.15
0,14.59,22.44,1.11
0,16.96,24.35,0.99
1.37,20.81,14.7,0.92
3.14,20.85,11.96,0.88
0.26,19.4,23.15,0.85
0.07,21.21,23.99,0.79
0.54,20.73,26.45,0.71
12.62,18.99,11.34,0.67
0.99,18.3,18.01,1.12
6.02,17.24,8.35,0.84
19.37,17.76,1.75,1.8
3.47,18.54,8.18,3.21
0.3,18.93,14.43,1.82
0.18,19.23,18.83,1.28
0.66,19.44,16.32,1.01
1.43,19.17,15.09,0.93
0.43,19.97,17.42,0.83
0,19.91,27.75,0.81
2.17,18.76,23.76,0.72
0.39,16,23.56,0.67
0,16.36,28.33,0.67
0.02,19.58,25.14,0.59
0,21.12,25.29,0.55
0.01,20.87,26.35,0.53
25.56,16.59,3.93,0.78
64.08,16.99,1.84,3.45
15.84,18.39,8.08,8.37
0,18.01,17.87,2.89
7.62,17.74,8.29,2.11
20.76,18.07,1.09,11.54
0.57,18.91,14.2,5.78
6.39,18.9,16.65,2.54
7.33,15.96,16.27,18.66
0.02,16.44,16.84,6.26
1.08,17.88,12.3,3.77
0,19.4,17.34,2.76
1.23,20.33,16.66,2.23
2.39,14.25,18.3,2.07
0,12.06,20.59,1.67
0,12.62,20.93,1.43
0,14.66,19.32,1.28
0.18,16.37,15.19,1.17
0,18.39,15.61,1.08
18.49,16.51,1.96,1.01
0.49,18.86,11.9,0.97
2.64,19.42,12.77,0.9
0.47,19.47,13.5,0.86
1.09,18.33,14.08,2.48
0,14.71,18.77,1.27
0,16.15,19.66,0.95
0,16.77,20.17,0.83
1.1,16.63,10.76,0.77
0,13.59,21.06,0.72
0,12.83,18.84,0.68
0.51,15.12,8.89,0.65
1.16,16.04,6.23,0.65
5.15,14.24,2.33,0.65
0,9,20.54,0.76
2.74,10.81,21.15,0.65
9.91,12.68,4.87,0.73
0.37,14.49,11.85,0.74
1.21,14.51,3.56,0.66
0.7,16.15,10.55,0.6
0.97,15.98,7.2,0.57
7.42,14.68,5.32,0.6
0.06,7.95,16.14,1.23
1.86,4.66,11.57,0.82
1.64,3.05,11.71,0.73
4.2,5.91,13.15,0.69
7.13,7.68,5.59,0.79
0.12,7.81,8.86,1.19
6.17,9.19,4.99,0.97
4.54,10.2,12.86,1.17
1.05,6.64,11.56,1.25
0.48,8.99,12.52,0.95
0.59,10.97,10.05,0.82
0.18,12.61,10.99,0.74
0,13.51,14.75,0.7
1,14.22,11.02,0.67
11.96,11.87,1.91,0.77
0.07,7.58,14.74,1.23
6.1,5.97,7.59,1
0.02,5.81,12.34,1.07
18.06,10.58,9.42,1.27
1.16,8.48,10.68,4.13
0,13.85,16.39,2.16
0,16.8,16.2,1.5
4.72,15.01,7.38,1.25
5.95,12.48,2.39,1.17
3.63,9.54,1.54,1.72
5.59,9.75,1.8,1.51
7.46,15.2,7.5,1.42
8.1,16.44,2.56,5.55
2.88,13.99,6.65,8.73
0.16,11.25,17.06,4.06
0.15,6.67,15.89,2.79
0.8,8.39,16.1,2.23
2.4,11.89,8.01,1.97
23.6,4.17,13.24,6.27
0,1.15,17.24,3.83
0,3.66,10.39,2.75
0.59,8.38,4.92,2.35
12.48,8.34,0.58,2.25
18.52,6.45,1.98,14.78
0.17,5.02,9.83,7.45
1.04,1.4,10,4.44
0,-1.23,12.24,3.42
5.63,1.24,4.74,2.93
1.66,-0.34,7.37,2.78
0,0.39,11.82,2.44
0.01,1.18,10.17,2.31
0,1.92,8.49,2.11
0,6.07,4.75,1.97
0.02,10.43,6.27,1.89
1.28,10.73,10.61,1.75
1.22,1.93,12.18,1.68
14.74,1.58,4.8,2.62
0.37,-1.23,12.48,2.95
0.74,-3.32,9.8,2.11
0,-2.56,10.74,1.77
29.36,0.16,1.7,2.61
7.25,-2.88,7.2,5.61
5.6,-7.41,7.82,2.91
3.09,-7.99,6.11,2.2
0.28,-6.22,3.84,2.02
0,-0.38,5.03,1.97
0,3.58,4.55,4.25
9.67,1.17,1.14,7.57
0.09,-2.98,3.82,4.78
6,-5.15,4.24,3.34
0.2,-4.94,3.7,2.74
0.09,-3.6,3.99,2.43
0.34,-3.06,4.35,2.21
6.61,0.52,0.46,2.77
1.68,0.37,2.08,3.12
1.58,-1.13,6.47,2.65
0.36,-4.25,9.15,2.34
0.57,-1.03,2.56,2.14
0.2,7.42,1.94,3.25
3.09,2.43,7.31,4.63
0.13,-4.79,7.87,3.18
0,-1.81,8.09,2.54
0.03,-0.05,6.35,2.31
8.79,-4.49,8.96,2.08
39,0.6,1.82,4.9
1.11,-7.84,3.67,5.88
0.2,-7.32,2.86,3.29
0.13,-4.97,3.76,2.75
0.16,-4.48,1.73,2.41
0.24,-5.67,2.66,2.21
2.41,-4.56,5.5,2.08
0.1,-13.34,2.48,1.61
0.02,-9.43,4.08,1.53
2.96,-1.42,2.63,1.93
0.24,-14.59,3.19,1.53
9.16,-8.45,2.1,1.28
4.03,-2.66,1.52,1.7
0.21,-5.75,1.65,1.52
14.49,-1.43,0.42,1.66
4.26,-2.58,3.2,3.39
0,-12.28,3.52,2.15
6.83,-4.11,0.34,2.23
2.4,4.13,0.13,10.58
14.96,3.85,-0.27,18.34
24.29,-3.64,2.11,10.79
0.23,-11.32,3.45,7.01
0.19,-11.5,4.93,4.42
0.04,-15.56,2.56,2.91
2.61,-10.53,1.21,2.59
3.69,-1.54,0.53,3.02
13.29,3.14,-0.21,5.5
2.43,-11.73,3.47,6.04
0.01,-14.29,3.29,3.24
0.28,-7.1,3.06,2.48
0.96,-10.76,3.57,1.94
0.21,-12.86,3.56,1.62
0.87,-9.14,3.63,1.4
1.74,-6.57,2.57,1.62
0.24,-13.65,2.65,1.29
0,-19.14,3.92,1.19
4.68,-12.21,0.73,1.02
0.38,-12.89,3.27,1.13
1.81,-18.29,3.61,1.04
19.6,-11.75,0.95,1.01
0.57,-12.39,1.88,0.99
0.49,-11.21,2.87,0.99
0.36,-3.32,2.87,0.97
10.51,-1.47,1.31,1.08
2.71,-0.92,3.17,1.51
4.16,-6.02,4.94,1.4
0.5,-12.48,3.16,1.29
0.79,-4.5,2.64,1.19
0.34,-16.31,2.22,1.02
0.05,-22.78,1.34,0.88
0.33,-17.07,2.69,1.02
0.99,-10.51,4.42,0.88
0.22,-21.91,1.61,0.88
0.04,-18.11,2.51,0.86
0.07,-11.98,3.49,0.86
4.37,-5.46,6.42,0.86
0.06,-8.02,3.3,0.78
8.38,-2.57,1.15,0.73
5.96,-8.8,4.99,0.8
0.9,-18.3,3.11,0.69
0,-11.04,5.48,0.65
0,-0.97,7.18,0.67
0,1.43,8.67,0.68
0,2.57,5.64,0.73
0.32,0.77,2.25,0.76
6.41,-0.92,1.25,0.76
0.05,-0.43,6,0.67
0.02,-1.99,5.35,0.59
0.36,-6.34,5.42,0.56
0.85,-13.87,3.99,0.54
0.09,-18.65,3.05,0.49
0.33,-12.56,4.91,0.49
12.79,-6.49,1.84,0.49
3.35,-3.25,5.02,0.49
0.27,-18.36,2.73,0.49
1.36,-11.8,5.26,0.49
0.04,-9.56,9.66,0.5
5.14,-3.42,1.1,0.54
5.47,1.21,6.07,0.63
1.11,-2.3,6.08,0.78
4.63,-2.33,7.11,0.69
0.17,-17.05,4.9,0.63
1.95,-13.48,3.42,0.6
0.75,-7.8,4.1,0.6
0.01,-10.78,7.96,0.6
1.93,-11.44,5.01,0.6
0.34,-9.72,9.01,0.63
0.75,-0.14,8.72,0.69
11.48,3.93,-0.24,2.95
2.17,2.84,0.56,7.14
25.48,-1.01,2.19,5.97
2.42,-3.45,6.5,5.35
0,-2.31,12.07,2.96
12.68,0.24,4.09,7.1
0.1,-11.89,11.68,4.07
0,-11.22,10.69,2.33
1.43,-10.81,4.94,1.86
1.58,-7.6,5.83,1.62
0.18,-5.85,7.51,1.4
0.03,-4.07,9.46,1.35
2.06,-2.35,6.26,1.29
0.02,-2.91,10.89,1.26
0.29,-3,13.7,1.18
0,-1.11,15.55,1.15
7.61,-0.38,6.43,1.15
12.55,0.44,3.78,1.9
0.6,-3.06,18.16,1.56
1.52,-4.96,16.09,1.22
0.26,-2.09,15.91,1.14
14.39,-5.43,8.49,1.07
10.05,-1.97,2.71,1.07
1.49,-0.88,6.02,1.06
0.22,0.58,9.6,1.04
2.1,1.75,7,1.21
6.49,4.99,14.58,5.64
0.37,1.18,17.69,4.42
0.51,-3.52,13.96,2.44
0,-3.93,19.47,1.76
0.42,-2.88,8.57,1.68
2.68,-0.52,8.67,1.58
0.01,-1.03,16.29,1.5
0,3.87,22.09,1.58
0.39,6.79,14.04,2.28
0.4,8.14,14.79,4.92
0.32,11.47,12.61,10.3
4.74,12.26,11.33,11.22
29.77,12.26,2.91,13.59
13.37,5.25,1.37,8.14
2.57,-0.58,21.51,5.03
0.19,-2.31,21.43,3.6
0.01,1.29,18.83,3.02
0,3.84,24.82,2.73
9.54,2.08,4.79,3.11
4.58,5.17,9.71,3.64
3.68,4.19,8.49,3.18
0.21,3.47,11.9,2.71
0,4.92,23.87,2.41
0,4.35,19.99,2.24
33.85,1.93,2.31,11
7.11,3.7,2.89,9.42
1.42,4.35,11.3,5.71
0.3,8.33,23.11,4.16
0,7.18,25.39,3.74
0,10.01,29.29,3.46
0.13,10.72,28.45,3.51
0,6.89,26.09,3.1
0,10.36,20.21,2.75
6.85,7.29,2.12,4.26
8.56,10.53,13.29,4.83
3.08,8.51,18.51,5.7
3.64,5.21,13.51,4.01
0.15,6.12,19.41,3.68
0,8.02,25.41,2.99
24.9,7.23,5.84,3.57
0.96,8.19,19.39,6.1
1.21,5.72,16.12,3.71
0,7.87,27.52,2.97
0.16,10.27,23.94,2.61
0,13.33,29.27,2.39
0.01,14.45,34.99,2.34
0,14.22,36.02,2.29
0.69,13,31.15,2.03
0,12.65,35.5,1.84
0,17.83,37.85,1.68
11.62,15.77,13.89,1.95
0.11,7.71,34.32,3.28
0,8.54,32.62,2.22
0,12.59,34.65,1.82
0,15.46,38.78,1.62
0.01,16.74,35.54,1.47
0.15,13.97,31.52,1.32
0.17,19.68,34.78,1.24
3.62,18.56,16.82,1.18
1.8,15.05,28.34,1.17
12.32,15.18,3.74,1.42
1.23,17.44,18.48,1.42
0.42,16.62,21.07,1.23
7.18,15.44,23.38,1.24
13.65,14.37,1.98,4.54
2.99,14.94,20.35,6.3
0.18,14.21,32.82,2.77
3.67,13.95,26.88,1.98
12.58,10.02,4.83,2.04
3.79,8.99,11.75,1.91
0.04,11.52,22.69,1.68
0,15.94,30.13,1.43
0.53,16.77,31.35,1.25
0,14.38,32.6,1.11
0.06,18.74,32.69,1.02
6.64,18.46,18.45,0.96
9.18,15.62,14.02,0.93
5.06,10.51,28.49,1.14
0,12.19,33.39,1.04
10.42,15.73,8.84,0.88
23.59,13.5,1.52,1.11
1.44,12.44,2.42,1.51
0,16.89,21.42,1.32
0,17.79,23.87,0.98
0.01,20.08,28.38,0.83
0.01,16.62,29.75,0.76
0.01,12.77,23.78,0.69
0.15,13.32,22.74,0.67
0.06,14.6,23,0.63
0,17.72,31.71,0.59
0,19.67,32.22,0.57
0.15,21.57,29.98,0.56
1.07,24.74,38.58,0.53
3.04,17.94,29.75,0.53
1.14,13.99,21.44,0.51
0,11.75,34.19,0.51
0,14.92,31.8,0.47
0,16.3,28.87,0.45
0,17.4,32.48,0.43
3.34,13.42,9.11,0.43
2.13,13.96,4.07,0.46
4.22,17.79,8.37,0.49
12.95,17.5,6.2,0.54
0.26,13.43,31.8,0.6
0.87,14.29,26.94,0.5
0.11,14.14,26.43,0.43
0,16.46,24.89,0.42
19.47,15.81,7.38,0.42
6.43,15.91,11.22,0.45
0,16.61,26.94,0.49
0,18.98,29.47,0.43
0.15,20.45,26.93,0.37
1.13,21.4,17.63,0.38
0.4,23.28,24.26,0.36
0.31,23.87,24.78,0.32
1.44,21.7,18.57,0.32
0,18.79,29.2,0.36
11.59,20.27,16.32,0.51
0.01,18.84,26.06,0.45
0.03,18.77,24.42,0.39
10.83,18.18,9.71,0.37
0.99,17.24,24.79,0.4
0,15.53,25.7,0.4
0,17.54,26.1,0.35
0,17.16,28.88,0.29
2.6,16.7,14.62,0.27
3.07,18.83,21.64,0.27
0.32,17.84,28.73,0.27
0.01,17.34,18.67,0.27
24.79,14.83,2.79,0.38
18.03,13.39,2.46,0.68
1.7,14.57,16.63,1.08
0,15.96,21.18,0.64
2.05,17.56,16.4,0.46
7.76,17.28,11.84,0.42
25.88,15.22,2.69,1.34
2.91,15.68,9.94,1.26
0.44,16.34,14.8,0.78
0.09,18.95,17.85,0.63
0.02,20.54,19.53,0.54
2.56,19.2,11.62,0.51
2.37,18.59,11.25,0.51
0.44,20.91,22.41,0.47
5.05,18.97,8.72,0.53
66.32,14.59,1.24,5.83
2.32,15.04,9.82,11.87
9.86,14.73,2.59,3.73
1,17.15,13.81,2.8
0.06,14.93,15.13,1.89
0,13.78,18.11,1.41
0,13.32,18.33,1.17
0,16.52,16.61,1.01
0,21.07,17.96,0.92
0.38,21.69,17.88,1.07
0.06,20.45,18.62,3.62
0,21.53,19.89,1.53
23.36,15.95,17.78,5.53
0,8.68,29.38,3.5
0,10.4,19.99,1.95
0,15.06,21.69,1.46
3.73,15.22,4.42,1.26
0,14.75,17.51,1.34
0,14.62,16.17,1.08
0,15.58,20.7,0.95
0,15.3,20.55,0.86
0,14.14,23.82,0.8
10.38,17.93,13.97,0.76
2.15,11,17.13,2.99
0,8.33,18.96,1.73
0.12,9.35,18.49,1.17
0.37,11.89,14.03,0.98
20.9,11.71,2.31,0.92
1.66,18.75,5.13,1.45
0.63,19.69,18.85,1.47
0.61,15.84,16.07,1.22
42.2,12.05,1.88,1.37
0.43,6.22,14.81,1.9
0.01,4.5,15.79,1.38
0,6.68,16.46,1.15
2.88,9.36,4.3,1.01
0.03,9.49,11.35,0.96
29.49,7.95,0.64,2.3
11.1,9.19,1.57,3.39
0.02,6.51,14.31,2.57
1.47,4.04,11.22,1.77
1.93,2.82,9.23,1.46
0,2.48,13.88,1.36
10.99,9.82,9.34,1.27
11.79,14.66,7.94,2.28
0.59,14.76,8.15,2
0.14,13.12,11.63,1.98
0.43,12.99,7.3,1.61
33.06,10.98,1.74,22.44
0.43,4.29,15.63,14.56
0.69,3.23,10.98,5.86
0,7.48,15.2,4.01
8.16,10.3,13.95,3.23
9.15,7.32,1.83,3.42
19.98,4.22,6.42,7.41
0.21,1.68,11.1,5.16
0,2.04,11.73,3.62
2.28,4.34,5.85,2.98
5.3,6.25,2.98,6.92
1.45,6.23,10.14,5.42
0.37,9.41,6.81,4.03
3.39,7.84,9.12,3.42
0,-0.03,15.55,3.04
0.53,0.98,10.41,2.72
0.73,5.23,10.29,2.49
0,5.69,8.86,2.2
0,9.44,11.23,2.05
0.06,11.48,7.18,1.9
0,13.36,7.48,1.78
3.87,13.53,7.98,1.7
0.22,3.11,17.93,2.18
0,-0.32,14.05,1.79
0.11,2.91,17.2,1.61
1.79,4.97,1.82,1.63
0.58,7.41,1.2,1.78
0.61,8.42,2.36,1.63
0.08,5.72,9.75,1.48
0.01,-0.34,9.29,1.38
0.03,-2.35,8.63,1.32
0.04,-1.23,7.41,1.22
0.74,-0.11,4.62,1.21
0.04,-3.09,10.31,1.18
0,-3.83,10.89,1.06
6.02,-1.59,11.56,1.05
34.48,-1.13,1.29,2.28
1.22,-3.13,4.06,2.66
0.58,-2.65,3.74,1.81
1.54,-0.36,1.8,1.58
4.85,0.77,1.37,1.7
2.51,0.27,4.55,4.42
0.11,-6,9.49,2.99
0,-3.13,9.68,2.14
0.01,4.94,3.82,1.95
0.35,10.46,4.36,2.22
2.75,6.55,5.19,2.82
13.55,2.99,1.03,2.45
20.12,3.16,0.82,5.07
6.13,2.17,1.11,3.89
1.65,-1.86,11.44,3.28
0.91,-5.7,8.25,2.58
0.01,-5.33,6.15,2.18
0.52,-1,5.94,2.06
1.56,-0.83,3.72,1.97
1.33,1.77,0.66,1.9
0.33,1.94,3.36,2.38
0.02,-3.02,12.67,2.06
23.26,-6.36,3.88,1.63
5.47,-8.4,3.76,1.86
0.3,-17.66,2.19,1.17
3.24,-12.35,1.32,1.36
7.43,-9.94,0.47,1.58
1.27,-1.17,1.93,1.66
1.81,1.15,1.83,2.86
0.09,-5.9,2.8,2.74
0.01,-4.15,3.93,1.91
0.09,-1.98,5.39,1.66
2,4.11,1.52,2.07
13.58,0.92,0.29,3.39
3.59,-7.08,7.43,4.34
0.31,-17.4,1.43,1.83
3.36,-19.01,2.32,1.4
3.96,-13.72,1.13,1.39
0.13,-18.32,1.48,1.39
0.09,-11.58,1.49,1.42
7.97,-4.57,2.86,1.51
0.13,-7.39,2.35,1.43
2.06,-3.2,1.43,1.32
0.82,-11.92,2.08,1.55
0,-20.25,1.6,1.08
0.01,-14.79,1.99,1.56
0.66,-9.81,2.33,1.24
0.01,-8.67,2.4,1.31
21.85,-1.87,1.05,1.46
2.03,-8.21,5.31,2.32
0,-11.69,3.62,1.43
0,-7.73,5.37,1.34
0,-7.82,4.07,1.24
0,-4.27,1.99,1.19
4.42,-2.89,2.46,1.1
2.26,0.32,0.9,2.48
1.01,-2.05,2.59,2.05
0.97,-5.02,3.87,1.22
0.37,-12.34,2.93,1.08
2.26,-10.4,1.29,1.19
1.66,-6.62,2.15,1.02
0.3,-16.73,2.02,0.91
0,-16.75,3.1,1.13
0.28,-3.29,2.57,1.4
13.19,0.34,1.35,2.91
1.34,-18.65,3.51,1.94
0.03,-25.85,0.96,1.62
1.04,-21.71,1.12,1.29
0.89,-17.22,3.53,1.19
0.15,-22.02,2.21,1.02
0.51,-17.69,2.23,0.86
0.32,-15.68,2.65,0.81
0.07,-16.11,2.59,0.76
19.6,-5.32,0.84,1.08
4.15,-2.57,6.35,3.78
0.15,-22.49,1.98,2.27
0.15,-19.47,2.34,1.51
0.65,-17.17,3.4,1.02
0.18,-10.72,2.71,0.92
0.11,-6.42,3.46,0.93
0.19,-3.18,4.17,0.94
0.33,-2.65,5.37,0.94
2.21,-11.4,3.4,0.93
0.08,-15.26,3.63,0.91
0,-16.04,3.38,0.86
4.4,-10.31,3.97,0.84
2.38,-12.28,3.55,0.82
0.01,-16.79,4.08,0.79
0.68,-11.82,1.91,0.77
2.09,-7.14,2.91,0.74
1.54,-14.22,3.73,0.72
0.03,-19.92,3.45,0.72
2.8,-8.94,4.91,0.69
0.18,-21.75,2.05,0.66
0.02,-14.98,5.43,0.64
0.22,-7.48,4.21,0.63
10.54,-8,3.02,0.6
15.08,-0.37,2.22,0.76
0.05,-2.97,7.38,0.97
0.43,-2.07,5.79,0.8
7.2,1.11,0.75,0.85
0.63,-1.93,5.55,0.97
3.14,-7.32,3.49,0.73
1.83,-7.35,4.17,0.69
1.63,-4.5,6.37,0.64
0.02,-8.61,9.53,0.6
3.19,-6.48,2.86,0.59
1.62,-3.72,4.88,0.59
3.83,-5.23,8.37,0.6
4.6,-8.84,6.78,0.63
2.52,-16.84,4.23,0.59
2.04,-16.29,2.25,0.57
0,-13.56,6.69,0.55
0.12,-6.75,8.61,0.53
0,-7.21,9.26,0.52
0.02,-1.26,11.64,0.51
0,-3.61,12.66,0.52
7.89,-0.81,2.73,0.56
1.8,1.46,1.42,1.19
0.09,1.23,6.66,1.83
1.27,1.38,2.39,2.27
35.49,2.58,0.62,25.14
1.97,-9.88,11.09,11.11
0.31,-15.49,7.31,3.72
0.32,-15.84,6.28,2.28
0.05,-16.07,5,1.8
0,-14.97,6.3,1.54
3.51,-6.45,8.27,1.48
0.17,-10.5,9.23,1.33
0.55,-9.23,6.89,1.24
1.02,-7.82,12.59,1.18
0.15,-9.2,10.12,1.08
0.59,-10.92,9.18,1
1.26,-8.31,8.19,0.96
0.16,-9.92,10.78,0.91
0,-5.92,15.26,0.9
3.44,0.28,6.65,0.97
29.71,3.09,1.94,17.15
23.83,0.96,1.8,9.17
8.84,-2.95,10.56,4.29
0,-2.07,16.47,3
1,-0.48,4.27,2.39
2.97,-0.49,12.41,2.02
0.32,-1.73,14.02,1.91
0.65,-4.42,15.2,1.69
0.14,-4.13,15,1.53
1.87,-2.4,10.63,1.41
0.15,-1.87,10.56,1.34
0.69,1.43,15.88,1.38
0.89,1.48,14.41,2
0.97,0.44,16.28,2.28
0.24,1.32,19.87,2.32
18.33,-4.34,2.74,2.19
4.32,-0.79,9.83,1.93
0.05,-8.2,13.09,1.67
0,-5.14,19.37,1.5
0,-5.16,17.08,1.46
3.32,-2.16,17.41,1.41
18.93,-1.81,2.97,1.4
0.27,0.78,9.51,1.35
0,1.99,10.25,2.13
0.02,6.07,9.85,5.05
0.96,10.3,13.75,14.13
14.7,8.08,-0.38,21.9
2.38,8.8,8.04,18.88
20.91,1.48,0.33,13.27
1.05,1.45,8.03,8.75
0.21,1.68,16.03,5.71
0,2.75,22.8,4.76
0.34,3.57,20.15,4.23
0.2,4.66,18.86,4.02
1.13,6.82,21.62,4.58
1.99,5.85,17.64,5.3
14.17,5.94,1.94,5.47
3.41,6.97,22.58,8.43
0.84,3.57,19.6,5.61
1.68,2.25,15.5,3.96
0.01,2.91,19.69,3.12
0,5.19,25,2.86
0,8.6,22.57,3.14
6.63,11.94,3.89,6.46
2.34,11.46,5.18,6.3
0.01,10.71,21.72,5.78
0.06,11.37,30.02,5.03
0.29,13.97,18.08,5.87
1.14,9.01,18.76,5.86
0,9.12,30.04,3.77
3.49,9.87,11.29,3.29
0,12.55,27.94,3.25
3.79,10.68,16.38,3.66
0,11.02,32.85,2.82
0,15.65,33.51,2.42
0,18.64,34.43,2.42
0,20.61,35.67,2.39
0.01,20.77,36.38,2.2
6.37,7.24,7.84,2.14
0,6.87,26.26,2.01
0.92,7.11,17.44,1.73
4.14,8.07,20.57,1.62
1.9,8.81,18.54,1.76
0,12.3,31.54,1.58
0,14.65,37.11,1.38
15.9,9.58,4.01,1.38
27.51,7.75,1.57,2.74
0.12,11.52,20.2,2.42
0.17,13.91,26.17,1.78
2.56,16.23,23.04,1.5
0.3,11.92,13.08,1.35
13.62,11.35,2.17,3.93
0.31,17.55,14.19,3.4
3.74,18.28,11.98,2.18
0.18,13.93,28.62,1.97
0,10.86,26.25,1.63
0,12.45,29.5,1.42
0,16.28,35.12,1.28
0.01,19.15,35.53,1.18
2.92,18.91,25.39,1.07
0.02,13.32,30.78,1.01
0,13.24,34.43,0.93
0,17.54,38.13,0.86
0,18.63,41.7,0.82
5.72,17.77,15.83,0.78
19.81,16.89,6.62,0.78
8.86,14.66,5.05,1.19
2.89,10.71,10.96,1.06
0.22,10.57,24.39,1.09
5.73,11.28,12.97,0.99
9.21,12.69,7.73,1.09
0.07,14.41,26.83,1.09
1.03,15.06,23.88,0.88
0.09,16.05,27.09,0.76
0,18.46,29.34,0.7
3.39,17.44,16.45,0.66
0,14.83,32.35,0.68
0,12.22,32.99,0.66
3.54,12.47,19.05,0.63
10.29,10.97,2.4,0.74
11.14,13.88,7.68,0.91
2.46,14.34,12.82,0.98
0.86,14.02,16.5,0.93
0.74,16.22,19.79,0.9
18.13,15.26,4.13,1.01
2.32,16.11,18.16,1.21
3.46,15.64,16.17,0.96
1.06,15.92,12.93,1.1
7.52,16.51,16.96,1.01
9.69,14.06,3.09,0.99
0.25,14.99,11.65,0.99
0,16.34,25.01,0.98
0.16,15.67,16.67,0.84
6.46,17.81,17.35,0.86
12.34,17.78,12.28,1.05
0.02,18.86,21.9,1.41
1.57,15.6,16.43,1.1
0,12.78,26.41,0.97
3.25,12.11,3.82,0.84
0,15.33,19.32,0.84
0,17.93,26.37,0.79
1.4,17.79,14.85,0.72
1.52,18.27,16.33,0.76
0.9,14.92,16.78,0.71
0.48,16.49,22.85,0.56
0.02,15.24,27.56,0.54
26.93,11.51,2.1,0.6
12.68,12.64,5.97,1.32
0.63,15.76,19.25,1.08
0.39,17.56,18.82,0.79
18.82,16.81,7.71,1.08
0.99,14.02,21.53,1.5
0,14.82,22.96,0.95
0.02,16.95,21.67,0.74
0.25,16.92,24.64,0.67
6.13,13.16,3.59,0.74
0.44,17.11,10.01,0.83
0.79,18.02,16.98,0.71
0,12.36,22.67,0.67
0.86,12.09,14.27,0.6
3.81,12.31,1.5,0.63
1.87,13.79,5.48,0.71
2.9,12.4,1.98,0.71
1.99,15.2,6.61,0.66
10.22,16.28,5.45,0.81
2.72,15.1,8.93,0.91
0.23,10.77,12.09,0.71
0,13.94,21.12,0.61
0.15,15.99,13.75,0.58
0.13,17.52,14.18,0.54
0,19.77,21.55,0.53
0.08,20.73,16.97,0.51
1.93,20.79,13.75,0.52
3.13,20.71,14.02,0.6
1.65,20.38,12.68,0.58
5.1,17.14,18.69,1.26
0.14,16.02,27.95,0.96
1.26,15.12,22.86,0.65
0.91,10.18,19.61,0.57
0,9.8,18.21,0.54
15.79,8.95,4.14,0.6
1.77,12.75,6.01,2
0.05,13.88,12.56,1.12
0,14.07,14.85,0.83
0.04,15.3,10.95,0.71
0.42,17.96,13.06,0.68
1.33,17,18.1,0.65
9.38,18.49,13.88,0.65
4.68,13.75,15.45,1.89
0,9.15,19.18,1.06
0,11.25,19.5,0.81
0,14.84,21.24,0.7
0,15.54,15.86,0.64
0.22,18.16,11.39,0.61
0.19,19.95,19.28,0.61
0.3,19.7,17.65,0.6
8.92,12.81,19.01,0.68
0,9.93,17.32,0.68
0.65,11.34,14.64,0.57
43.94,15.7,3.4,0.6
3.09,7.07,20.93,3.39
0,4.71,16.9,1.47
0,6.2,16.39,1.04
0.24,7.76,6.08,0.87
6.19,13.8,2.69,0.86
0.02,11.61,9.98,0.83
0.62,6.96,12.4,0.76
0.12,0.68,18.32,0.71
0.08,-0.92,11.62,0.7
0.71,6.06,8.07,0.68
2.34,10.29,6.75,0.68
0,3.21,18.09,0.65
0,1.19,14.52,0.61
0,2.14,12.81,0.59
0,5.8,13.27,0.58
0,8.13,14.95,0.57
9.87,9.23,5.84,0.56
14.15,12.79,7.43,1.68
1.27,9.7,6.56,1.21
7.53,8.56,5.85,1.32
0.48,5.98,14.8,1.51
0.89,3.78,11.32,1.11
2.19,5.58,3.29,0.97
4.87,5.95,1.1,1.08
0.58,4.01,20.61,1.14
0.75,0.7,11.28,0.99
3.12,0.26,6.97,0.93
0.21,0.44,10.92,0.9
2.76,1.81,1.92,0.86
0.18,1.51,3.59,0.84
0,3.89,11.38,0.82
17.06,6.32,0.76,1
5.15,1.24,4.52,3.65
4.56,-0.01,7.46,2.31
0.9,-0.43,8.08,1.65
0.01,-0.43,7.63,1.42
1.47,2.33,7.12,1.36
0.32,0.65,6.71,1.54
0,-1.38,8,1.49
0,-3.74,7.33,1.26
0.56,-2.23,10.52,1.1
18.28,-0.82,1.11,1.42
0.81,3.16,0.3,1.83
7.4,2.64,4.55,3.04
3.65,-0.82,6.29,2.35
0.2,-5.89,6.15,1.77
0,-8.04,5.9,1.39
0,-7.98,6.31,1.28
0.03,-5.97,9.39,1.1
6.44,1.19,1.09,1.4
1.08,1.06,3.48,1.96
16.44,4.45,12.8,13.49
0.04,-2.07,9.82,5.66
1.15,-3.88,6.45,3.26
0.04,-6.28,9.54,2.46
3.27,-4.54,2.9,2.07
0.13,-5.23,4.02,1.87
0.01,-7.52,5.71,1.61
0,-6.65,7.01,1.26
1.78,-0.67,2.23,1.6
4.02,5.07,-0.19,1.92
19.38,1.53,0.25,2.7
0.97,-0.63,1.87,3.13
4.93,-0.3,0.9,2.24
6.99,1.9,0.1,2.2
1.24,1.75,4.49,3.82
0.04,0.14,3.17,2.69
0.26,-0.68,4.33,2.17
1.1,-0.87,4.31,1.9
0.65,-0.76,4.42,1.73
0.27,-1.3,5.29,1.59
0.85,-0.87,4.29,1.49
0.88,-4.03,9.28,1.35
2.59,-7.65,5.04,1.23
0.23,-9.56,5.43,0.93
2.72,-5.58,5.41,1.17
0.11,-15.01,3.24,0.98
0.01,-17.82,1.92,0.93
0.26,-13.71,3.37,0.88
3.15,-6.05,2.95,1.19
1.55,-5.02,6.95,1.06
0.01,-4.53,5.67,0.97
0.01,-4.08,4.55,0.86
0,-1.7,7.67,0.84
0,-0.15,3.25,0.86
13.19,0.08,0.24,1.04
1.34,-4.4,6.53,1.62
0.21,-6.85,3.8,1.08
6.5,-1.55,4.56,1.06
0.08,-11.41,5.11,0.84
0.68,-7.57,2.49,0.93
3.19,-5.56,0.76,0.81
1.65,-13.36,2.93,0.73
1.07,-15.67,3.23,0.81
0.73,-11.57,7.04,0.95
0.01,-19.76,2.4,0.65
0.56,-9.07,2.21,0.58
13.61,0.7,0.62,0.82
5.05,-0.89,0.21,1.56
8.05,-0.99,0.53,1.62
0.62,-10.75,4.94,1.67
0.3,-17.58,2.5,0.86
1.36,-13.9,3.53,0.73
0.21,2.01,1.17,0.97
14.95,2.42,0.94,4.32
0.04,-4.56,4.12,2.8
0.03,-4.95,4.43,1.4
1.02,-5.63,3.57,1.08
0,-15.32,4.85,0.65
0.1,-15.53,5.71,0.6
0.73,-10.21,4.33,0.58
0.04,-7.28,4.2,0.65
15.09,-8.03,1.89,0.69
4.02,-12.29,2.63,0.65
0.94,-11.28,1.29,0.68
0.2,-9.54,2.7,0.71
0.55,-8.86,2.79,0.65
1.07,-14.91,2.7,0.63
0.15,-20.36,1.95,0.6
0.1,-11.8,2.32,0.63
0,-9.17,4.08,0.66
11.58,-1.53,0.86,0.86
2.02,-0,2.95,1.29
5.12,-0.01,5.56,1.01
4.55,-7.14,6.37,1.4
0,-14.62,4.2,0.97
0.69,-8.59,3.05,0.78
1.48,-13.14,3.24,0.69
3.67,-11.37,3.77,0.65
0.63,-23.87,1.81,0.6
9.26,-20.6,0.63,0.56
4.22,-16.59,2.18,0.53
0.09,-18.49,2.72,0.5
0.65,-9.31,2.59,0.47
1,-13.39,3.6,0.45
2.16,-10.97,3.87,0.44
0.1,-24.73,1.78,0.42
0.14,-23.58,2.78,0.41
0.92,-14.02,3.33,0.4
0,-17.02,4.75,0.39
0.55,-6.98,3.84,0.39
0.1,-12.7,4.2,0.38
9.58,-14.23,2.91,0.38
17.6,-4.62,2.81,0.37
1.2,-9.26,4.48,0.37
0.03,-11.97,4.78,0.36
24.53,-7.05,2.05,0.36
5.09,-7,5.23,0.35
1.76,-14.21,4.07,0.35
0.95,-15.89,3.66,0.35
0.2,-17.95,3.86,0.33
2.25,-17.16,4.81,0.33
8.3,-10.57,2.39,0.33
3.93,-8.95,2.13,0.32
1.04,-14.4,4.38,0.32
0.15,-19.26,3.14,0.32
0,-16.62,5.58,0.31
0,-14.56,5.9,0.31
0,-12.89,6.84,0.32
0,-11.05,8.03,0.32
0.33,-6.81,5.31,0.32
0.15,-4.38,7.02,0.33
0.01,-5.42,10.12,0.33
7.34,-8.56,4.06,0.33
2.46,-7.54,4.43,0.33
0.46,-6.79,7.14,0.35
1.09,-2.56,8.48,0.35
12.86,-1.21,3,0.35
2.4,-2.86,6.38,0.36
5.62,-4.85,6.1,0.36
0.25,-15.7,5.4,0.37
33.43,-12.85,3.52,0.4
7.68,-12.18,7.09,0.38
0.14,-17.43,6,0.35
0.11,-8.69,9.71,0.36
13.05,-1.53,5.49,0.37
0.11,-16.04,6.92,0.4
0,-12.55,11.24,0.42
0.06,-6.62,11.51,0.43
6.57,-2.33,3.59,0.43
1.74,-3.2,10.01,0.42
0.01,-4.03,14.63,0.43
5.62,-1.28,5.56,0.43
0.01,2.57,8.27,0.43
0,4.26,17.62,0.58
0,7.59,20.96,0.86
0,5.44,14.38,1.62
6.49,4.15,7.38,3.78
5.65,3.93,8.96,9.34
0.16,1.77,13.82,6.85
14.85,-3.51,5.13,3.81
2.62,-2.93,3.95,2.36
1.96,-2.55,4.49,1.75
0.46,-1.85,12.77,1.41
0,-0.26,17.02,1.32
0,0.55,18.24,1.63
0,2.52,20.91,2.14
0,3.37,17.11,2.75
0,3.8,18.33,3.79
5.91,3.24,2.35,8.53
3.6,4.24,4.7,20.5
8.62,1.64,1.16,12.84
0.1,2.95,11.25,8.99
0.12,2.57,13.13,5.42
0.35,2.93,10.17,4.26
1.04,6.32,2.35,10.68
12.14,7.42,1.99,33.44
1.62,1.78,11.79,11.11
0.68,5.15,20.05,5.48
0.52,7.84,15.55,6.18
6.92,8.56,4.98,9.01
4.62,5.58,1.44,8.23
11.29,1.83,6.09,9.05
0.06,3.96,26.88,5.85
0.64,10.25,16.86,5.42
16.69,3.92,4.02,7.61
1.45,2.3,23.68,5.06
0,4.39,24.07,3.65
0,7.95,25.96,3.4
0,9.66,19.8,3.73
0,10.97,23.02,3.89
0,9.91,25.32,3.79
0,8.1,20.37,3.36
0.01,11.14,20.64,3.24
8.25,13.36,14.06,3.42
8.52,13.19,16.82,4.58
1.37,9.44,13.58,3.58
0,11.56,30.4,2.69
0,15.45,30.98,2.42
1.11,8.48,5.52,2.37
6.98,14.3,18.27,2.22
6.02,13.06,20.33,2.16
5.31,6.64,17.81,4.53
0,8.13,30.14,2.82
1.86,10.6,19.46,2.19
0.14,11.02,27.13,2.41
0.1,8.04,32.32,2
0,8.83,29.02,1.7
1.56,8.15,7.43,1.56
2.74,9.44,9.47,1.52
2.53,9.75,21.81,1.51
1.55,9.84,20.9,1.4
0,9.51,30.57,1.49
7.69,9.94,9,1.33
4.16,14.67,20.07,2.1
0.12,9.11,16.58,2.08
2.43,8.69,15.47,1.67
2.39,8.47,8.98,1.53
7.45,8.45,10.39,1.5
0.04,8.28,25.28,1.53
7.82,8.18,13.12,1.33
11.85,7.45,7.46,2.11
0.38,8.14,28.25,2.38
0.6,9.48,24.26,1.59
1.53,9.34,17.79,1.35
2.81,10.15,19.46,1.24
10.81,7.11,2.86,2.14
1.31,10.79,17.86,2.16
0,13.47,28.16,1.58
17.29,14.37,7.37,1.38
11.17,16.58,18.96,2.13
1.67,12.51,5.16,2.15
0.04,14.86,18.54,2
0.4,17.29,24.56,1.54
0,19.28,29.53,1.33
1.35,19.19,30.86,1.21
9.6,14.11,12.17,1.4
0,14.95,24.77,1.25
8,16.93,13.25,1.09
2.47,16.78,10.59,1.63
2.95,16.78,22.69,1.69
11.1,16.36,3.72,1.32
11.61,14.64,10.64,1.96
0.23,12.09,39.92,3.64
0,14.65,29.64,1.97
0,18.14,30.29,1.45
4.31,19.82,23.04,1.22
0.16,19.25,24.54,1.1
1.39,19.04,29.05,0.98
1.46,15.68,22.47,0.97
0.22,15.36,23.09,0.88
0,16.87,31.25,0.8
0,16.34,36.05,0.72
1.27,14.86,4.15,0.69
0.06,17.85,23.51,0.69
0,20.38,30.6,0.63
0.05,23.74,30.27,0.57
2.84,23.78,18.93,0.53
0.44,23.14,24.27,0.53
0.7,22.69,21.38,0.83
2.94,22.42,28.55,0.59
0,20.4,35.61,0.5
1.88,19.16,14.52,0.58
0,19.13,31.86,0.65
0.01,19.48,30.15,0.64
1.89,16.78,25.44,0.61
13.48,13.57,19.42,0.63
1.98,14.01,20.18,0.76
0,17.07,29.21,0.69
0.26,18.97,27.44,0.61
6.53,15.13,4.09,0.59
4.21,15.3,16.02,0.6
3.67,12.14,8.58,0.65
2.23,12.67,9.09,0.76
0.86,15.19,18.29,0.86
0.38,16.25,21.41,0.7
0,15.94,22.84,0.61
16.3,14.3,3.05,0.85
2.63,18.92,10.39,1.12
10.49,18.55,4.08,1.25
18.15,18.28,8.06,2.46
7.69,17.46,8.32,2.21
0.93,18.88,17.04,1.29
15.77,19.51,11.11,1.29
0.31,19.64,21.26,1.07
2.71,19.2,20.14,0.91
0.76,14.51,16.77,1.15
0.02,14.03,18.38,0.88
1.29,14.61,18.24,0.76
1.48,15.7,16.56,0.74
5.68,16.43,14.28,0.71
1.97,17.13,13.65,0.81
0,17.19,20.73,0.64
2.73,16.4,10.48,0.59
4.61,16.83,10.73,0.56
4.1,17.27,11.68,0.53
3.81,17.46,10.97,0.68
0.14,18.41,21.91,0.73
14.78,17.29,8.67,0.6
12.02,17.2,3.48,0.65
1.56,17.82,11.46,0.65
7.99,17.8,10.21,0.6
0.16,13.25,18.94,1.05
0,12.78,20.62,0.79
0,15.02,19.18,0.65
10.26,17.57,9.31,0.56
4.27,19.88,13.29,1.65
0,21.73,20.06,0.95
0,22.42,22.76,0.7
9.99,20.4,11.03,0.61
0,15.88,23.62,0.57
0,16.52,20.62,0.51
3.69,20.29,18.85,0.49
3.54,16.1,11.15,0.63
0.05,15.67,15.59,0.61
12.35,18.18,4.09,0.57
5.74,17.17,9.16,0.58
0.21,16.91,16.98,0.55
4.54,16.54,11.37,0.51
1.52,13.93,10.65,1.1
0.13,13.1,13.89,0.81
0.97,14.6,14.63,0.65
9.95,15.49,9.93,1.09
2.2,8.69,13.17,1.65
0,9.01,15.64,1.2
0,15.27,16.44,0.9
0,19.43,20.31,0.71
4.58,18.72,13.84,0.68
0.01,11.36,16.85,0.85
3.25,10.29,4.64,0.87
3.23,11.62,1.24,0.98
0.2,7.13,21.13,1.12
0,4.88,19.24,0.98
0,8.04,17.38,0.86
0.06,9.44,10.29,0.85
8.54,10.92,3.44,1.02
0.52,8.26,20.27,2.06
0,9.52,16.04,1.2
11.56,9.2,1.3,1.21
17.06,14,4.15,1.56
1.98,10.86,14.15,3.85
1.36,6.41,12.5,2
0,2.51,15.77,1.53
0,2.91,15.88,1.29
8.06,10.26,14.5,1.2
6.38,6.19,12.09,2.27
6.28,6.72,10.21,2.22
0.63,2.63,14.77,3.2
0.01,3.58,9.88,2.01
0.05,10.76,12.09,1.6
0.24,12.7,4.44,1.39
7.52,10.91,9.89,1.29
0.24,-0.68,17.72,1.54
0,-0.59,15.09,1.28
9.58,0.48,2.59,1.21
0.61,-0.56,11.7,2.08
0,0.15,13.01,1.54
0.02,4.09,9.78,1.31
0.01,6.85,10.07,1.2
1.75,9.42,2.61,1.13
0.79,7.6,10.08,1.09
0.01,3.33,11.73,1.02
0.02,4.01,9.15,0.99
20.05,5.27,1.95,1.18
0.79,4.11,16.1,1.96
1.29,0.07,12.47,1.39
0.03,4.92,12.32,1.21
0.3,3,10.75,1.21
0.01,0,6.47,1.08
0.29,2.87,2.5,1.04
1.48,2.37,7.19,1.06
0.02,3.15,10.91,0.99
3.19,3.21,7.7,0.95
4.17,1.7,7.2,0.99
17.15,-0.85,2.24,1.32
0.7,-4.36,5.74,1.36
2.6,-1.63,3.47,1.07
0.09,0.66,4.77,1.01
5.96,2.91,0.2,1.25
3.58,3.29,8.1,3.36
0.13,-3.62,11.07,2.2
0,-2.66,8.23,1.51
0,0.25,9.17,1.31
0.04,-0.53,5.4,1.21
0.15,0.05,6.39,1.13
3.63,0.04,2.82,1.12
0.6,-1.54,4.85,1.05
1.84,6.08,0.42,1.08
9.94,5.62,0.85,1.32
0.14,0.64,7.14,1.38
9.71,1.14,2.7,1.18
1.39,-0.73,7.2,1.54
8.18,-0.73,2.74,1.35
3.66,-0.59,7.08,2.35
0.25,-4.33,9.97,1.73
0.09,1.1,7.8,1.43
0.13,0.02,3.51,1.38
0.26,-2.99,5.64,1.35
0,-9.64,9.32,0.92
0,-4.57,10.09,1.02
0.3,-1.9,7.25,1.51
34.44,6.63,-0.1,6.92
0.08,-1.73,9.01,9.37
0.33,-4.84,7.49,3.71
0,-5.63,8.01,2.42
0,-3.11,5.32,1.94
3.62,0.25,1.94,1.78
5.66,-0.19,2.73,1.73
14.18,0.22,1.07,2.18
0.17,-2.33,3.83,2.06
2.97,-1.8,3.2,1.74
0.38,-3.17,3.77,1.56
0.12,-5.42,5.08,1.35
4.78,-0.68,1.54,1.51
16.4,-2.35,2.14,5.28
2.98,-12.46,1.93,3.3
0.96,-7.35,6.36,2.03
4.32,1.02,1.86,1.94
1.04,1.34,0.89,1.94
0.13,-4.9,6.08,2.16
0,-6.73,7.99,1.67
0.65,-4.27,8.01,1.51
3.14,-4.07,1.37,1.46
0.28,-2.54,3.14,1.4
30.31,-0.78,0.96,1.62
3.97,-3.81,6.4,3.67
0.33,-14.46,1.98,1.94
0.31,-16.77,2.83,1.35
1.03,-10.22,2.37,1.46
1.82,-16.85,3.47,1.08
0.03,-26.65,0.8,0.86
0.07,-22.38,1.22,0.78
1.23,-22,1.73,0.81
4.18,-15.1,1.67,0.93
0.36,-15.16,1.75,0.97
0.18,-7.56,2.25,0.95
1.51,-5.73,2.95,0.93
0.19,-15.26,2.34,0.91
16.23,-13.58,0.85,0.93
0.87,-16.77,1.69,0.86
0.47,-23.01,1.2,0.84
1.65,-16.84,2.37,0.71
14.88,-13.61,0.52,0.73
0.55,-20.63,1.26,0.7
0.1,-21.82,1.01,0.73
0.33,-15.2,1.59,0.71
0.45,-10.36,2.3,0.76
0.15,-7.92,1.99,0.78
5.2,-8.01,0.81,0.73
1.01,-21.17,2,0.68
0.12,-30.13,0.55,0.67
19.06,-16.9,0.07,0.67
14.1,-12.57,3.41,0.6
0.22,-25.56,1.2,0.69
0,-25.47,1.04,0.66
0.15,-19.66,2,0.67
1.34,-17.23,2.67,0.63
1.89,-20.28,1.52,0.65
3.72,-10.46,1.74,0.56
0.14,-15.47,2.96,0.6
0.44,-22.34,2,0.59
0.07,-22.11,3.01,0.57
30.93,-2.95,-0.35,0.76
0.87,-5.02,6.38,1.29
0.1,-17.6,2.47,1.01
0,-19.81,3.42,0.92
0,-18.7,2.82,0.86
0,-18.36,2.3,0.81
0.62,-14.95,2.1,0.76
0.55,-14.76,3.24,0.72
0.22,-8.79,3.69,0.71
0.21,-12.33,3.95,0.68
0.49,-14.85,3.18,0.67
0.36,-21.18,2.01,0.71
8.65,-17.83,1.2,0.65
0.11,-22.08,2.32,0.63
0.01,-18.14,2.91,0.65
0.01,-12.35,5.47,0.61
4.79,-7.83,1.45,0.6
1.68,-11.96,3.69,0.65
1.56,-13.65,5.7,0.6
2.54,-10.23,3.65,0.59
0,-8.83,6.58,0.58
0.01,-4.43,6.9,0.58
0,-0.76,8.44,0.57
0.03,3.4,9.91,0.63
0.89,2.3,3.32,1.08
0.37,-8.19,7.78,0.95
4.37,-13.1,4.04,0.82
16.75,-9.79,1.24,0.76
1.24,-11.64,6.72,0.71
0.07,-16.48,3.77,0.67
0.65,-19.49,3.54,0.65
0.02,-17.27,4.39,0.63
0,-15.26,5.1,0.63
0,-12,6.89,0.61
26.92,-8.44,0.85,0.61
6.66,-6.15,5.18,0.6
1.31,-6.11,6.17,0.6
0.01,-6.43,9.32,0.59
2.64,-2.6,3.86,0.59
4.2,-0.51,7.11,0.84
3.08,-6.42,7.75,1.06
25.33,-1.77,2,1.01
0.08,-5.83,9.21,1.29
0.01,-9.8,8.59,0.97
5.16,-4.29,3.19,0.84
2.46,-0.3,4.1,0.78
5.06,0.95,6.62,0.76
7.84,-0.23,6.7,0.91
1.92,-7.58,6.54,0.8
0.58,-7.28,6.89,0.76
0.81,-6.94,6.66,0.73
0.78,-5.82,7.11,0.7
0.08,-1.69,10.85,0.7
27.92,-0.48,2.24,0.69
0,2.17,14.25,0.69
0.47,2.54,12.42,0.7
0.92,0.76,10.92,0.97
1.05,-2.61,11.67,0.82
10.99,-3.11,2.37,0.8
0.99,0.98,5.12,0.78
1,-0.8,7.83,0.84
0.52,-3.11,13.54,0.8
0.02,-2.15,14.26,0.79
0.57,-1.75,10.1,0.83
0.89,-2.98,12.96,0.86
14.92,2.22,6.78,0.91
0.06,1.29,14.47,1.04
0.03,2.63,13.57,1.4
15.58,2.68,2.91,3.24
16.94,-0.21,4.18,11.65
0,-2.5,16.9,7.1
0.09,0.42,14.98,4.01
8.31,2.59,2.12,5.1
0.17,0.29,17.81,6.7
0,3.36,20.03,4.97
9.83,2.42,2.01,6.94
0.56,4.71,11.98,15.21
0,6.42,17.98,11.97
15.57,3.96,0.52,25.46
1.07,1.72,16.87,19.42
2.27,-1.05,14.42,9.17
1.5,3.92,11.26,6.47
0.74,1.44,17.98,6.69
1.09,-1.08,14.77,4.96
2.35,-2,14.44,3.87
0,0.96,26.55,3.38
1.41,6.37,15.95,3.98
0.39,3.14,3.07,5.72
15.59,1.57,1.43,9.04
6.62,10.02,10.29,16.4
0.2,2.82,21.14,13.7
0.05,3.58,9.15,6.82
0.66,5.68,13.21,6.13
23.37,4.54,1.43,8.46
2.04,2.53,18.65,7.66
0,3.61,23.65,4.89
0,7.29,27.6,4.42
3.27,3.62,5.3,4.54
2.13,6.43,16.63,4.15
0.19,7.85,18.57,4.17
15.81,4.78,1.03,9.86
0.57,9.74,22.91,7.7
2.79,7.67,18.25,6.25
1.11,7.84,25.31,4.65
16.34,6.56,5.9,5.77
0.35,2.08,27.86,5.52
0,6.02,35.81,3.75
0.23,11.47,21.29,3.25
20.72,6.25,1.81,4.38
3.45,6.65,3.93,5.67
1.73,5.71,5.83,4.3
0.48,7.76,23.33,3.57
0,9.31,28.69,3.23
0,13.51,30.09,3.1
0,18.3,29.59,3.58
1.52,15.82,21.72,3.86
0.01,13.23,33.69,3.16
5.01,10.4,2.02,3.1
15.42,11,4.66,3.44
1.78,4.86,17.23,4.71
2.12,6.81,20.99,3.13
2.44,10.1,21.51,2.55
1.72,15.17,22.27,2.32
0.62,18.69,31.33,2.28
4.33,14.58,20.21,2.29
6.85,6.73,9.56,2.13
0.13,10.74,29.54,2.29
0,13.09,29.33,1.94
3.08,14,21.57,1.66
6.59,15.75,15.24,1.72
10.81,16.68,15.55,1.74
0.34,11.33,27.75,1.76
0,12.58,34.25,1.51
0,11.84,33.33,1.34
0.47,15.28,32.77,1.21
18.71,14.31,4.49,1.27
1.13,18.53,19.51,2.78
17.57,19.23,9.74,2.92
1.03,19.62,15.13,2.24
0.01,21.62,21.57,1.66
5.13,23.15,16.63,1.39
1.36,23.76,20.24,1.24
0.46,20.17,25.27,1.13
0,18.89,33.33,1.04
10.09,16.23,8.8,1.04
2,16.03,35.27,1.06
1.3,15.85,32.89,0.92
0.52,16.74,21.36,0.83
10.95,15.14,2.73,0.82
0.56,18.74,27.67,0.93
18.17,19.52,15.25,0.81
17.05,18.42,9.16,1.1
1.71,19.03,19.65,1.19
18.09,19.09,9.45,0.9
2.62,17.93,13.89,0.79
2.69,19.58,26.11,0.73
0.2,16.36,26.3,0.81
0,17.17,26.81,0.68
1.9,19.14,27.88,0.61
4.79,20.35,17.47,0.58
8.26,20.93,13.58,1
9.62,21.6,12,2.05
8.08,20.55,8.65,0.99
1.95,19.77,17.53,1.01
0.61,16.9,27.33,0.83
0,18.18,29.25,0.7
0.14,19.37,26.67,0.63
0,17.88,23.11,0.57
0.01,18.44,23.14,0.57
0.44,18.52,18.32,0.6
0.72,18.48,20.14,0.55
1.03,18.67,14.43,0.52
1.28,19.84,14.22,0.57
0.01,21.96,29.68,0.55
3.59,23.83,24.98,0.49
4.24,22.45,14.33,0.58
20.05,20.3,5.79,0.72
1.76,20.46,17.26,0.54
13.83,19.52,11.04,0.47
16.6,19.12,9.8,0.47
0.83,18.73,20.92,0.57
20.49,15.61,1.69,0.56
0.07,18.56,18.16,0.61
7.35,18.67,8.73,0.53
0.59,19.27,16.47,0.64
0.65,19.85,19.28,0.57
1.11,19.85,16.69,0.49
4.81,19.45,11.85,0.65
0.22,20.68,22.75,0.55
5.95,14.32,9.78,0.73
0,12.49,25.9,0.97
0,14.95,23.77,0.68
0,16.85,24.08,0.56
0.65,18.54,23.2,0.53
0.76,14.51,22.32,0.54
0,14.22,24.77,0.52
0,16.66,20.52,0.47
8.11,17.09,2.02,0.47
19.82,17.41,6.82,0.88
0.17,12.07,21.64,0.87
0,13.34,19.48,0.6
0.01,16.61,18.32,0.52
54.49,15.48,1.26,1.28
0.19,16.9,12.23,1.76
0.47,18.51,14.9,0.94
17.46,17.63,6.6,2.02
0.02,13.62,10.27,2.98
0,12.11,20.46,1.4
0,14.02,18.92,1.02
1.3,16.28,18.45,0.84
0.88,18.08,11.38,0.74
2.28,17.41,9.75,0.69
6.07,17.89,16.81,0.67
0.8,14.27,24.08,0.6
0.05,11.89,24.7,0.56
1.53,11.48,5.33,0.54
8.76,10.87,6.79,0.58
0.1,8.79,17.65,0.59
0.16,8.84,14.76,0.54
0,9.07,14.34,0.51
17.05,7.62,4.9,0.52
2.46,8.52,3.12,2.88
2.89,10.93,11.19,1.9
0.86,12.12,13.29,1.2
9.43,11.37,5.77,0.94
1.75,8.04,8.53,0.81
4.65,9.13,4.9,0.82
0.15,10.95,19.23,1.24
12.42,14.15,11.61,2.45
1.37,13.37,14.12,2.99
0,11.87,18.61,1.98
3.97,12.62,5.65,1.48
5.56,16.75,8.71,1.34
0,8.42,22.97,1.17
1.36,7.47,12.86,1.06
0,12.21,15.43,0.96
0.11,14.91,13.63,0.88
0.02,12.03,15.14,0.83
17.61,9.63,2.11,0.86
1.55,12.33,2.45,1.67
0.12,12.86,4.86,1.34
0.07,13.95,5.14,1.13
4.51,13.54,6.37,1.05
5,13.51,9.97,1.51
5.54,9.62,6.9,1.86
3.42,4.97,15.39,2.13
0.01,4.93,19.11,1.72
0.85,3.19,12.93,1.39
0.44,2.88,8.51,1.26
0.19,4.89,9.37,1.27
0.16,3.59,10.95,1.28
0.27,3.71,9.59,1.21
0,8.89,11.37,1.1
0,12.27,16.3,1.08
5.74,12.55,13.52,1.01
0.87,5.36,14.73,1.33
0,1.58,16.18,1.19
0,3.52,14.61,1.04
0,6.99,15.72,0.97
0,6.67,14.04,0.94
0,2.6,15.71,0.88
0,2.2,14.23,0.84
0,4.2,12.55,0.82
0.76,5.72,10.26,0.79
1.18,8.78,11.83,0.78
13.63,9.68,1.46,0.76
2.64,10.41,5.03,0.88
0.35,9.69,5.04,0.91
2.58,9.88,7.35,0.9
0.08,8.72,12.78,0.9
1.86,5.83,7.61,0.81
0.01,3.94,11.44,0.76
0.61,2.23,7.87,0.73
0,3.85,9.74,0.71
0,6.79,9.94,0.69
0.01,8.34,10.63,0.67
4.4,7.21,4.68,0.65
8.52,8.48,0.43,0.67
11.79,5.97,3.42,1.07
0,3.5,15.33,1.33
0.32,10.03,6.31,1.04
3.61,12.49,1.75,1.01
5.6,8.87,2.12,1.05
3.45,1.75,22.19,1.22
0.06,3.74,10.21,1.12
0.94,4.7,6,1.02
0.62,-0.22,15.72,0.95
0.03,-2.32,13.17,0.86
0,-0.42,5.77,0.82
0.02,1.34,7.88,0.81
0.01,2.59,4.76,0.79
0.47,6.27,7.56,0.77
0,0.94,7.94,0.74
0,0.55,10.14,0.71
1.64,3.12,2.79,0.7
0.26,4.58,12.79,0.74
0.11,-0.44,12.07,0.71
7.12,0.09,2.1,0.68
3.03,1.99,11.41,1.35
3.52,-6.28,11.93,1.07
0.42,-9.44,8.15,0.63
0.52,-3.25,6.67,0.58
0.94,-6.27,4.59,0.56
0.01,-8.88,6.15,0.54
30.34,-1.17,2.07,0.84
0.6,-0.12,9.52,1.98
1.74,-4.4,2.75,1.22
0.05,-8.46,2.83,0.96
0.09,-2.93,6.68,0.9
0.39,0.27,5.1,0.85
0.41,2.47,4.2,0.87
19.57,0.39,0.05,1.76
3.22,2.55,0.98,4.06
5.2,-3.02,3.81,3.3
0.26,-9.39,6.08,2.08
1.53,-6.09,6.91,1.45
2.77,-4.18,4.06,1.29
12.56,-3.71,4.16,1.08
0.13,-18.28,1.62,0.85
0.06,-16.46,1.89,0.8
0.18,-11.51,1.39,1.19
0.02,-9.81,3.33,1.06
0.07,-10.47,2.95,0.93
2.73,-4.84,1.04,0.88
5.49,-1.67,1.16,0.84
0.87,-7.62,2.97,0.8
0.15,-10.23,1.64,0.93
0,-2.83,3.82,0.86
0,0.8,6.58,0.8
0,-1.15,3.24,0.78
25.36,2.1,2.83,1.48
1.53,-0.01,4.58,3.01
0.01,-7.07,3.07,1.67
0,-5.17,5.88,1.08
1.31,-2.21,4.12,0.86
2.47,-13.83,4.57,0.7
0.05,-20.4,2.16,0.63
0.04,-9.7,8.09,0.67
6.12,-1.94,0.67,0.97
7.75,-3.61,1.28,1.08
0.5,-9.87,3.51,0.93
1.3,-12.59,2.83,0.82
0.26,-16.09,2.43,0.73
0.27,-9.63,5.22,0.64
13.88,-4.72,2.34,0.69
0.02,-12.63,3,0.8
0.53,-13.37,2.46,0.67
0,-20.52,1.72,0.6
1.84,-20.44,1.57,0.55
5.42,-7.26,0.7,0.63
0.79,3.52,1.08,0.81
0.53,4.18,0.85,1.29
1.11,8.59,-0.51,3.13
7.4,7.24,-0.44,7.98
4.28,1.8,0.36,13.27
0.06,-0.46,3.81,5.47
0.15,0.11,2.96,3.57
9.71,0.1,1.55,3.2
13.82,0.47,2.1,10.9
4.99,-1.93,2.8,4.97
1.71,-5.38,3.87,3.42
0.28,-8.79,3.07,2.62
0.31,-8.77,3.81,2.2
0.06,-13.43,4.54,1.73
0.31,-17.08,3.66,1.4
0.05,-17.81,2.87,1.15
0,-14.31,5.34,1.15
0.03,-10.33,6.06,1.34
0.26,-6.73,5.04,1.59
2.21,-2.92,5.53,1.51
0.88,-10.84,3.97,1.29
0,-15.29,5.3,1.01
24.34,-12.36,1.39,0.84
7.12,-17.12,3.45,0.76
0.24,-27.11,1.38,0.78
0.06,-25.02,2.01,0.71
0.23,-18.74,3.09,0.74
0.3,-13.93,3.96,0.73
1.25,-10.12,4.48,0.78
1.13,-7.13,7.23,0.74
0.44,-20.04,3.5,0.71
0.24,-16.65,3.62,0.67
0.52,-15.92,3.92,0.64
3.56,-11.77,7.01,0.67
4.41,-3.15,8.27,0.61
0,-9.07,7.36,0.63
0,-5.7,8.28,0.59
0,-2.24,11.08,0.58
0.09,-3.58,5.98,0.58
1.36,-3.26,4.26,0.6
0.59,-7.83,4.78,0.61
4.03,-4.84,8.32,0.6
11.64,-3.02,3.22,0.56
0.36,-15.84,5.85,0.54
0,-20.89,3.7,0.56
9.04,-17.4,1.19,0.52
13.04,-5.61,0.79,0.54
0.25,-3.79,4.04,0.58
0.08,-10.56,6.56,0.54
0,-13.9,8.48,0.46
0,-8.97,8.89,0.47
2.03,-5.29,8.06,0.49
5.44,-0.51,2.4,0.5
0.76,-0.27,2.69,0.51
19.01,4.81,4.74,0.86
17.43,-8.02,6.56,5.39
0.21,-13.98,6.27,3.67
2.56,-10.34,10.08,2.16
0.62,-4.96,5.72,1.77
0.94,2.16,9.25,1.56
0.45,1.99,3.55,2.02
0.23,3.86,6.47,2.75
0.95,1.72,3.2,3.46
6.68,1.3,2.36,3.83
1.79,0.45,9.14,3.68
0,-1.23,14.52,2.7
0.3,0.32,13.09,2.51
16.95,3.6,5.19,4.17
2.87,1.12,7.34,10.11
2.3,-0.19,7.7,4.51
2.05,-3.58,9.56,3.11
0.12,-4.84,13.28,2.41
0.02,-2.92,12.34,2.06
0.03,-2.56,15.05,1.83
0,-2,16.4,1.74
0,1.41,22.88,1.69
2.85,-0.37,6.88,1.77
3.74,0.48,7.44,1.69
0.03,-3.95,17.4,1.59
0,-4.07,18.68,1.39
0.35,-1.85,20.19,1.31
5.91,-1.34,6.82,1.35
0.14,-12.96,21.72,1.06
0.79,-7.45,18.1,1.1
0.75,-3.73,16.65,1.18
0.02,-1.27,19.49,1.06
5.3,0.94,5.65,1.09
0,-3.3,21.6,1.08
0,1.12,24.16,1.06
2.47,1.81,11.16,1.13
12.45,4.8,8.08,2.43
1.79,1.45,12.5,2.34
1.36,-0.83,14.3,1.64
3.22,-2.21,11.46,1.4
0,0.79,16.29,1.28
0,3.85,20.67,1.4
7.25,3.59,1.11,1.9
0.26,3.82,15.68,2.72
8.58,5.22,13.22,2.79
1.98,5.85,14.25,5.06
0.23,1.71,29.48,3.51
0,1.69,23.47,2.43
0,3.12,23.99,2.13
1.22,3.94,15.84,2.04
2.92,4.31,6.53,1.94
6.86,4.55,2.61,2.2
7.51,4.95,9.48,2.59
2.58,4.67,10.91,2.79
1.22,5.94,17.86,2.66
0.79,7.58,18.35,2.36
2.96,8.03,18.56,2.35
0.43,9.88,25.22,2.49
3.1,8.95,15.72,2.55
0.97,4.04,24.71,2.47
0.02,0.01,35.83,2.02
0.06,4.97,28.38,1.73
0,8.96,28.52,1.59
0.37,8.86,18.17,1.74
6.69,6.44,9.15,1.94
0.2,7.75,5.07,2.51
1.83,9.91,11.47,2.79
0.87,10.58,26.62,2.57
18.95,5.47,0.97,4.1
1.36,8.4,18.21,5.44
6,5.81,5.21,3.37
0.57,10.04,19.43,3.64
0.07,9.62,20.25,2.84
0.23,9.44,21.6,2.32
8.67,11.32,17.33,2.07
0.47,9.22,20.34,3.68
0.64,11.78,26.33,2.6
9.61,12.6,5.02,2.7
0.01,11.48,24.28,3.91
4.26,9.45,3.38,2.62
3.86,10.04,17.84,2.37
0.82,11.25,24.71,2.05
11.77,10.61,2.1,2.33
2.19,11.74,11.04,5.51
0,16.35,29.17,3.14
0,19.15,31.72,2.36
1.39,19.09,23.09,2
19.37,16.42,1.84,1.97
0.99,15.12,31.06,3.6
0,16.31,31.31,2.49
0.17,17.83,25.41,1.92
0.88,16.32,10.71,1.66
0.03,13.12,13.89,1.62
0,12.25,27.46,1.48
0.01,13.89,23.09,1.28
7.23,11.83,3.74,1.25
8.51,12.75,4.65,1.6
0,13.52,19.58,1.6
5.4,13.82,18.6,1.25
6.67,11.78,11.9,1.65
0,15.09,29.49,1.33
0.02,17.4,23.7,1.09
0.02,21.04,26.28,0.98
0.95,23.13,26.34,0.9
0,18.36,38.79,0.81
0,15.46,28.22,0.73
0,17.66,30.98,0.7
0,19.66,33.08,0.66
0,21.3,34.95,0.61
0.4,20.21,21.5,0.58
0.13,19.94,27.92,0.55
0.01,15.4,32.6,0.51
0,16.63,37.07,0.49
0.02,20.03,35.1,0.46
4.79,21.25,24.9,0.45
5.24,20.23,17.27,0.44
0.07,18.12,26.08,0.9
0,15.95,32.39,0.59
0,18.84,36.31,0.49
0.08,20.29,29.07,0.44
0.94,22.38,23.61,0.41
12.57,20.5,13.48,0.4
21.69,17.33,4.87,0.43
1.32,14.21,13.92,0.67
0.29,15.16,20.95,0.52
2.73,15.35,17.05,0.63
0.04,16.59,18.49,1.17
0,21.11,30.06,0.56
0.76,23.33,20.78,0.46
5.52,20.29,19.96,1.58
0,18.21,31.83,1.12
43.81,12.87,3.78,2.01
19.76,15.04,2.74,3.3
1.39,16.92,18.21,1.48
1.12,17.68,17.15,0.95
8.72,17.88,5.35,0.82
0,18.3,21.81,0.74
5.04,19.32,13.1,0.65
1.07,19.17,12.79,0.99
3.27,20.38,14.36,0.77
25.08,20.62,6.15,1.04
6.11,19.77,7.7,1.13
7.3,19.71,10.64,1.01
14.01,21.02,10.52,0.92
0,18.76,23.59,0.85
0,20.05,23.75,0.66
0,22.86,25.98,0.57
1.05,19.53,9.64,0.53
4.83,17.65,4.64,0.53
30.28,18.3,1.78,0.64
21.08,17.68,2.14,0.99
15.6,14.31,6.62,2.69
0,15.45,21.93,1.41
0,17.06,20.03,0.91
0,18.23,19.29,0.74
0,19.13,19.36,0.65
1.62,19.73,16.38,0.6
4.7,18.8,7.68,0.79
0,16.47,18.93,0.65
0,18.31,19.65,0.57
5.41,18.23,3.56,0.56
0.3,21.6,16.29,0.56
0,20.53,22.97,0.5
0,18.75,20.92,0.46
0,16.36,20.27,0.43
0,17.12,22.03,0.42
0.03,19.82,24.2,0.41
0.18,15.11,24.69,0.39
0,14.36,19.08,0.39
3.91,13.17,20.77,0.41
0.68,11.42,23.28,0.41
0,13.51,21.4,0.41
0.08,14.38,13.53,0.41
0,13.84,27.11,0.39
0.13,14.44,16.55,0.37
0,12.99,24.02,0.36
8.61,14.4,17.44,0.36
1.44,15.8,13.67,0.36
0,12.4,20.68,0.35
0,12.64,23.07,0.33
0.01,14.35,20.77,0.33
0.93,16.22,21.25,0.33
0.06,13.64,23.1,0.32
4.27,15.6,17.93,0.32
0.01,10.81,19.9,0.41
10.16,10.56,1.6,0.43
0.2,8.01,18.92,0.52
0,8.5,16.48,0.43
0,14,24.27,0.36
4.18,14.81,4.16,0.38
7.11,14.48,4.54,0.58
0.36,8.26,15.76,0.68
0,8.34,19.8,0.47
5.31,10.59,2.26,0.41
0.63,9.24,16.12,0.4
0,8.59,19.3,0.37
0,9.6,15.02,0.36
0.08,11.52,5.73,0.33
31.21,14.01,1.23,0.36
0.09,7.32,17.44,1.62
0,5.83,18.52,0.74
0.13,6.76,12.68,0.53
1.75,9.03,3.69,0.47
2.07,11.19,12.14,0.47
0.46,6.47,20.71,0.47
0,6.09,17.33,0.44
0,8.57,17.02,0.42
0,10.24,19.25,0.39
0,12.79,14.97,0.37
0,10.46,11.72,0.38
26.1,9.95,0.36,0.45
7.35,11.05,2.35,0.55
23.96,6.92,2.43,1.14
0.72,8.39,2.06,1.07
1.16,10.16,6.32,0.78
0.43,8.94,9.84,0.69
0.02,9.04,12.12,0.6
2.3,9.13,7.74,0.55
0,11.25,13.71,0.53
0,14.64,17.57,0.5
10.45,14.84,9.88,0.5
15.91,9.83,14.3,3.99
1.86,3.98,18.56,1.77
0.74,1.52,15.34,1.1
0,6.7,13.95,0.9
0,9.16,12.08,0.79
0.33,8.56,8.44,0.72
42.97,12.12,2.17,16.07
7.95,7.93,14.15,34.63
0,8.24,12.25,6.62
1.52,10.77,15.71,3.95
1.04,7,12.07,3.24
0.07,5.49,8.88,2.55
2.01,5.78,10.95,2.13
58.77,10.06,0.77,25.24
4.08,2.76,2.87,11.33
0.57,-0.92,14.01,5.77
0.28,-0.7,6.23,4.06
5.28,-0.65,2.01,3.37
7.97,1.34,0.81,3.71
7.89,4.55,0.26,4.78
0.93,-0.59,11.6,3.75
0.07,-2.56,11.33,2.84
0.06,-0.45,5.79,2.44
11.02,1.32,4.14,2.43
2.62,-0.26,8.02,4.97
0.33,-6.62,9.47,3.01
0.01,-5.25,7.26,2.24
4.21,5.23,1.68,2.29
45.54,2.57,6.54,48.33
0.57,-4.06,9.17,11.22
5.64,-1.91,4.35,6.42
17.99,1.51,2.79,14.67
0.17,-2.14,6.34,9.18
0.87,-4.72,6.05,5.63
1.05,-4.62,5.22,4.27
11.55,-2.18,1.65,3.69
1.67,-1.73,2.44,3.26
1.35,-0.35,2.99,3
1.98,-4.22,3.21,2.76
1.01,-5.43,2.22,2.44
0.27,-7.91,2.71,2.18
0.04,-9.87,2.51,1.82
0.05,-5.37,3.83,1.98
1.62,-5.14,1.26,1.82
4.36,-1.92,1.99,2.11
1.36,-9.57,3.49,2.15
0,-13.03,4.05,1.43
8.64,-5.28,1.14,1.29
2.89,-8.63,4.97,1.4
4.91,-9.59,2.03,1.35
3.82,-2.84,2.88,1.58
0.27,-8.57,3.12,1.27
7.87,-4.91,5.09,1.19
0.46,-11.61,2.66,1.08
0.26,-17.78,1.72,0.99
8.41,-13.22,1.29,0.88
5.07,-11.94,2.93,1.04
0.89,-17.13,2.03,0.95
0.15,-17.3,1.71,0.91
0.01,-18.85,1.2,0.87
10.37,-17.11,0.87,0.85
7.08,-8.54,0.64,0.95
3.56,-8.03,1.39,0.93
1.06,-7.92,2.1,0.84
0.14,-11.15,2.33,0.8
1.99,-14.85,1.17,0.77
10.12,-9.66,1.7,0.74
10.46,-9.71,1.38,0.73
1.86,-4.41,2.14,0.72
2.17,-4.67,1.48,0.71
1.46,-6.17,1.52,0.69
0.9,-9.19,1.67,0.68
3.35,-9.72,1.59,0.69
2.03,-8.17,1.49,0.67
0.48,-7.42,1.64,0.65
0.55,-9.93,1.85,0.64
0.34,-8.35,1.51,0.63
1.14,-5.52,1.58,0.7
